        self.score_matrix =[[26, -12, 15, 21, 21, 15, -12, 26],
                            [-12, 20, 17, 13, 13, 17, 20, -12],
                            [15, 17, 22, -27, -27, 22, 17, 15],
                            [21, 13, -27, 17, 17, -27, 13, 21],
                            [21, 13, -27, 17, 17, -27, 13, 21],
                            [15, 17, 22, -27, -27, 22, 17, 15],
                            [-12, 20, 17, 13, 13, 17, 20, -12],
                            [26, -12, 15, 21, 21, 15, -12, 26]]



        self.score_matrix1=[[27, 31, 13, 2, 2, 13, 31, 27],
                            [31, 16, -19, 21, 21, -19, 16, 31],
                            [13, -19, 27, -12, -12, 27, -19, 13],
                            [2, 21, -12, 0, 0, -12, 21, 2],
                            [2, 21, -12, 0, 0, -12, 21, 2],
                            [13, -19, 27, -12, -12, 27, -19, 13],
                            [31, 16, -19, 21, 21, -19, 16, 31],
                            [27, 31, 13, 2, 2, 13, 31, 27]]
