life time:1,black_wins:3,white_wins:4,total_win:3,history_black_win:3,history_white_win:0ties:0
[[20, -36, 29, -46, -46, 29, -36, 20], [-36, 22, -47, 49, 49, -47, 22, -36], [29, -47, 47, 13, 13, 47, -47, 29], [-46, 49, 13, -12, -12, 13, 49, -46], [-46, 49, 13, -12, -12, 13, 49, -46], [29, -47, 47, 13, 13, 47, -47, 29], [-36, 22, -47, 49, 49, -47, 22, -36], [20, -36, 29, -46, -46, 29, -36, 20]]
[[-11, 12, -1, -28, -28, -1, 12, -11], [12, -20, -18, -36, -36, -18, -20, 12], [-1, -18, 8, -13, -13, 8, -18, -1], [-28, -36, -13, 12, 12, -13, -36, -28], [-28, -36, -13, 12, 12, -13, -36, -28], [-1, -18, 8, -13, -13, 8, -18, -1], [12, -20, -18, -36, -36, -18, -20, 12], [-11, 12, -1, -28, -28, -1, 12, -11]]
('1', '[180, 69, 225]', '[53, -32, 4]', '[74, 49, 32]', '[22, 57, -41]')
life time:1,black_wins:3,white_wins:3,total_win:3,history_black_win:4,history_white_win:0ties:0
[[20, -60, 21, 32, 32, 21, -60, 20], [-60, 22, 17, 49, 49, 17, 22, -60], [21, 17, 47, 36, 36, 47, 17, 21], [32, 49, 36, -12, -12, 36, 49, 32], [32, 49, 36, -12, -12, 36, 49, 32], [21, 17, 47, 36, 36, 47, 17, 21], [-60, 22, 17, 49, 49, 17, 22, -60], [20, -60, 21, 32, 32, 21, -60, 20]]
[[-15, 4, -10, -12, -12, -10, 4, -15], [4, -2, -18, -36, -36, -18, -2, 4], [-10, -18, -64, -10, -10, -64, -18, -10], [-12, -36, -10, 44, 44, -10, -36, -12], [-12, -36, -10, 44, 44, -10, -36, -12], [-10, -18, -64, -10, -10, -64, -18, -10], [4, -2, -18, -36, -36, -18, -2, 4], [-15, 4, -10, -12, -12, -10, 4, -15]]
('1', '[36, 68, 97]', '[53, -24, 4]', '[106, 17, 68]', '[18, -15, -42]')
life time:2,black_wins:2,white_wins:2,total_win:2,history_black_win:4,history_white_win:0ties:1
[[20, 4, 20, 48, 48, 20, 4, 20], [4, 21, 17, 48, 48, 17, 21, 4], [20, 17, 47, 20, 20, 47, 17, 20], [48, 48, 20, -48, -48, 20, 48, 48], [48, 48, 20, -48, -48, 20, 48, 48], [20, 17, 47, 20, 20, 47, 17, 20], [4, 21, 17, 48, 48, 17, 21, 4], [20, 4, 20, 48, 48, 20, 4, 20]]
[[-11, 5, -9, -12, -12, -9, 5, -11], [5, -18, -18, 28, 28, -18, -18, 5], [-9, -18, -62, -25, -25, -62, -18, -9], [-12, 28, -25, 36, 36, -25, 28, -12], [-12, 28, -25, 36, 36, -25, 28, -12], [-9, -18, -62, -25, -25, -62, -18, -9], [5, -18, -18, 28, 28, -18, -18, 5], [-11, 5, -9, -12, -12, -9, 5, -11]]
('1', '[36, 64, 97]', '[48, 8, 4]', '[0, 49, 68]', '[19, 49, -42]')
life time:1,black_wins:3,white_wins:2,total_win:2,history_black_win:5,history_white_win:0ties:0
[[5, 1, 20, 49, 49, 20, 1, 5], [1, 55, 15, 16, 16, 15, 55, 1], [20, 15, 63, 36, 36, 63, 15, 20], [49, 16, 36, -35, -35, 36, 16, 49], [49, 16, 36, -35, -35, 36, 16, 49], [20, 15, 63, 36, 36, 63, 15, 20], [1, 55, 15, 16, 16, 15, 55, 1], [5, 1, 20, 49, 49, 20, 1, 5]]
[[-41, 6, -9, -28, -28, -9, 6, -41], [6, -50, -18, -52, -52, -18, -50, 6], [-9, -18, 6, -10, -10, 6, -18, -9], [-28, -52, -10, 36, 36, -10, -52, -28], [-28, -52, -10, 36, 36, -10, -52, -28], [-9, -18, 6, -10, -10, 6, -18, -9], [6, -50, -18, -52, -52, -18, -50, 6], [-41, 6, -9, -28, -28, -9, 6, -41]]
('1', '[36, 97, 69]', '[48, 41, 12]', '[98, 16, 8]', '[48, 0, -42]')
life time:3,black_wins:2,white_wins:2,total_win:2,history_black_win:2,history_white_win:2ties:0
[[20, -52, 29, -14, -14, 29, -52, 20], [-52, 22, 17, 49, 49, 17, 22, -52], [29, 17, 47, 13, 13, 47, 17, 29], [-14, 49, 13, -12, -12, 13, 49, -14], [-14, 49, 13, -12, -12, 13, 49, -14], [29, 17, 47, 13, 13, 47, 17, 29], [-52, 22, 17, 49, 49, 17, 22, -52], [20, -52, 29, -14, -14, 29, -52, 20]]
[[-11, 4, -1, -12, -12, -1, 4, -11], [4, -20, -18, -36, -36, -18, -20, 4], [-1, -18, -56, -14, -14, -56, -18, -1], [-12, -36, -14, 12, 12, -14, -36, -12], [-12, -36, -14, 12, 12, -14, -36, -12], [-1, -18, -56, -14, -14, -56, -18, -1], [4, -20, -18, -36, -36, -18, -20, 4], [-11, 4, -1, -12, -12, -1, 4, -11]]
('1', '[52, 69, 97]', '[53, -32, 4]', '[74, 49, 64]', '[22, 49, -41]')
