black_wins:4,white_wins:4,total_win:4,ties:1
[[-16, -24, -26, -12, -12, -26, -24, -16], [-24, 18, 6, -26, -26, 6, 18, -24], [-26, 6, 12, -15, -15, 12, 6, -26], [-12, -26, -15, -9, -9, -15, -26, -12], [-12, -26, -15, -9, -9, -15, -26, -12], [-26, 6, 12, -15, -15, 12, 6, -26], [-24, 18, 6, -26, -26, 6, 18, -24], [-16, -24, -26, -12, -12, -26, -24, -16]]
[[-10, -2, 20, -13, -13, 20, -2, -10], [-2, -19, 21, 7, 7, 21, -19, -2], [20, 21, -21, 29, 29, -21, 21, 20], [-13, 7, 29, -18, -18, 29, 7, -13], [-13, 7, 29, -18, -18, 29, 7, -13], [20, 21, -21, 29, 29, -21, 21, 20], [-2, -19, 21, 7, 7, 21, -19, -2], [-10, -2, 20, -13, -13, 20, -2, -10]]
('1', '[172, 118, 243]', '[-18, 18, 21]')
black_wins:4,white_wins:4,total_win:4,ties:0
[[-30, -13, 12, -24, -24, 12, -13, -30], [-13, 22, 5, 4, 4, 5, 22, -13], [12, 5, 23, 11, 11, 23, 5, 12], [-24, 4, 11, -12, -12, 11, 4, -24], [-24, 4, 11, -12, -12, 11, 4, -24], [12, 5, 23, 11, 11, 23, 5, 12], [-13, 22, 5, 4, 4, 5, 22, -13], [-30, -13, 12, -24, -24, 12, -13, -30]]
[[-2, -4, 4, 22, 22, 4, -4, -2], [-4, 6, 15, 13, 13, 15, 6, -4], [4, 15, 20, -16, -16, 20, 15, 4], [22, 13, -16, -6, -6, -16, 13, 22], [22, 13, -16, -6, -6, -16, 13, 22], [4, 15, 20, -16, -16, 20, 15, 4], [-4, 6, 15, 13, 13, 15, 6, -4], [-2, -4, 4, 22, 22, 4, -4, -2]]
('1', '[10, 213, 225]', '[19, 29, 4]')
black_wins:4,white_wins:4,total_win:4,ties:0
[[-22, -15, 9, -15, -15, 9, -15, -22], [-15, 10, 29, 6, 6, 29, 10, -15], [9, 29, -15, -10, -10, -15, 29, 9], [-15, 6, -10, -5, -5, -10, 6, -15], [-15, 6, -10, -5, -5, -10, 6, -15], [9, 29, -15, -10, -10, -15, 29, 9], [-15, 10, 29, 6, 6, 29, 10, -15], [-22, -15, 9, -15, -15, 9, -15, -22]]
[[-6, -2, -2, 22, 22, -2, -2, -6], [-2, -17, 6, 29, 29, 6, -17, -2], [-2, 6, 7, 24, 24, 7, 6, -2], [22, 29, 24, 13, 13, 24, 29, 22], [22, 29, 24, 13, 13, 24, 29, 22], [-2, 6, 7, 24, 24, 7, 6, -2], [-2, -17, 6, 29, 29, 6, -17, -2], [-6, -2, -2, 22, 22, -2, -2, -6]]
('1', '[162, 245, 163]', '[7, 19, 25]')
black_wins:3,white_wins:3,total_win:3,ties:1
[[6, -7, 13, -6, -6, 13, -7, 6], [-7, 0, 5, 2, 2, 5, 0, -7], [13, 5, 17, -17, -17, 17, 5, 13], [-6, 2, -17, 0, 0, -17, 2, -6], [-6, 2, -17, 0, 0, -17, 2, -6], [13, 5, 17, -17, -17, 17, 5, 13], [-7, 0, 5, 2, 2, 5, 0, -7], [6, -7, 13, -6, -6, 13, -7, 6]]
[[0, -26, -9, 30, 30, -9, -26, 0], [-26, 6, 21, -7, -7, 21, 6, -26], [-9, 21, -9, -29, -29, -9, 21, -9], [30, -7, -29, -16, -16, -29, -7, 30], [30, -7, -29, -16, -16, -29, -7, 30], [-9, 21, -9, -29, -29, -9, 21, -9], [-26, 6, 21, -7, -7, 21, 6, -26], [0, -26, -9, 30, 30, -9, -26, 0]]
('1', '[244, 85, 92]', '[30, 29, 28]')
black_wins:3,white_wins:3,total_win:3,ties:1
[[9, -5, -28, -27, -27, -28, -5, 9], [-5, -20, 31, -30, -30, 31, -20, -5], [-28, 31, -11, -16, -16, -11, 31, -28], [-27, -30, -16, -5, -5, -16, -30, -27], [-27, -30, -16, -5, -5, -16, -30, -27], [-28, 31, -11, -16, -16, -11, 31, -28], [-5, -20, 31, -30, -30, 31, -20, -5], [9, -5, -28, -27, -27, -28, -5, 9]]
[[-1, -2, -2, 23, 23, -2, -2, -1], [-2, -17, 31, 13, 13, 31, -17, -2], [-2, 31, 11, -16, -16, 11, 31, -2], [23, 13, -16, -19, -19, -16, 13, 23], [23, 13, -16, -19, -19, -16, 13, 23], [-2, 31, 11, -16, -16, 11, 31, -2], [-2, -17, 31, 13, 13, 31, -17, -2], [-1, -2, -2, 23, 23, -2, -2, -1]]
('1', '[164, 181, 145]', '[27, 7, 31]')
black_wins:3,white_wins:4,total_win:3,ties:0
[[-14, -21, -5, 19, 19, -5, -21, -14], [-21, 24, 18, 14, 14, 18, 24, -21], [-5, 18, 20, -31, -31, 20, 18, -5], [19, 14, -31, -23, -23, -31, 14, 19], [19, 14, -31, -23, -23, -31, 14, 19], [-5, 18, 20, -31, -31, 20, 18, -5], [-21, 24, 18, 14, 14, 18, 24, -21], [-14, -21, -5, 19, 19, -5, -21, -14]]
[[-11, -28, 30, 31, 31, 30, -28, -11], [-28, 31, 21, 22, 22, 21, 31, -28], [30, 21, 14, 11, 11, 14, 21, 30], [31, 22, 11, -2, -2, 11, 22, 31], [31, 22, 11, -2, -2, 11, 22, 31], [30, 21, 14, 11, 11, 14, 21, 30], [-28, 31, 21, 22, 22, 21, 31, -28], [-11, -28, 30, 31, 31, 30, -28, -11]]
('1', '[120, 157, 129]', '[26, -11, 5]')
black_wins:3,white_wins:3,total_win:3,ties:0
[[-32, -7, 12, -30, -30, 12, -7, -32], [-7, -17, -21, -14, -14, -21, -17, -7], [12, -21, -32, -32, -32, -32, -21, 12], [-30, -14, -32, -9, -9, -32, -14, -30], [-30, -14, -32, -9, -9, -32, -14, -30], [12, -21, -32, -32, -32, -32, -21, 12], [-7, -17, -21, -14, -14, -21, -17, -7], [-32, -7, 12, -30, -30, 12, -7, -32]]
[[-2, 30, 30, 23, 23, 30, 30, -2], [30, -28, 21, 12, 12, 21, -28, 30], [30, 21, 1, 31, 31, 1, 21, 30], [23, 12, 31, 4, 4, 31, 12, 23], [23, 12, 31, 4, 4, 31, 12, 23], [30, 21, 1, 31, 31, 1, 21, 30], [30, -28, 21, 12, 12, 21, -28, 30], [-2, 30, 30, 23, 23, 30, 30, -2]]
('1', '[61, 246, 249]', '[0, 27, 22]')
black_wins:3,white_wins:3,total_win:3,ties:0
[[18, -31, 0, -5, -5, 0, -31, 18], [-31, 10, 20, 11, 11, 20, 10, -31], [0, 20, 4, 4, 4, 4, 20, 0], [-5, 11, 4, -19, -19, 4, 11, -5], [-5, 11, 4, -19, -19, 4, 11, -5], [0, 20, 4, 4, 4, 4, 20, 0], [-31, 10, 20, 11, 11, 20, 10, -31], [18, -31, 0, -5, -5, 0, -31, 18]]
[[22, -32, -16, 28, 28, -16, -32, 22], [-32, 9, 20, 30, 30, 20, 9, -32], [-16, 20, 8, 24, 24, 8, 20, -16], [28, 30, 24, -8, -8, 24, 30, 28], [28, 30, 24, -8, -8, 24, 30, 28], [-16, 20, 8, 24, 24, 8, 20, -16], [-32, 9, 20, 30, 30, 20, 9, -32], [22, -32, -16, 28, 28, -16, -32, 22]]
('1', '[227, 213, 185]', '[30, 19, 13]')
black_wins:4,white_wins:3,total_win:3,ties:0
[[26, -30, 20, -8, -8, 20, -30, 26], [-30, 9, 6, 11, 11, 6, 9, -30], [20, 6, 4, 20, 20, 4, 6, 20], [-8, 11, 20, -19, -19, 20, 11, -8], [-8, 11, 20, -19, -19, 20, 11, -8], [20, 6, 4, 20, 20, 4, 6, 20], [-30, 9, 6, 11, 11, 6, 9, -30], [26, -30, 20, -8, -8, 20, -30, 26]]
[[-26, -32, -8, 12, 12, -8, -32, -26], [-32, -3, -12, 26, 26, -12, -3, -32], [-8, -12, 4, 16, 16, 4, -12, -8], [12, 26, 16, -6, -6, 16, 26, 12], [12, 26, 16, -6, -6, 16, 26, 12], [-8, -12, 4, 16, 16, 4, -12, -8], [-32, -3, -12, 26, 26, -12, -3, -32], [-26, -32, -8, 12, 12, -8, -32, -26]]
('1', '[235, 197, 168]', '[22, 23, 15]')
black_wins:3,white_wins:3,total_win:3,ties:0
[[-28, -31, 8, 31, 31, 8, -31, -28], [-31, -12, -4, 0, 0, -4, -12, -31], [8, -4, -3, -30, -30, -3, -4, 8], [31, 0, -30, -22, -22, -30, 0, 31], [31, 0, -30, -22, -22, -30, 0, 31], [8, -4, -3, -30, -30, -3, -4, 8], [-31, -12, -4, 0, 0, -4, -12, -31], [-28, -31, 8, 31, 31, 8, -31, -28]]
[[-20, 4, -30, -14, -14, -30, 4, -20], [4, 3, -10, -11, -11, -10, 3, 4], [-30, -10, -10, -29, -29, -10, -10, -30], [-14, -11, -29, -28, -28, -29, -11, -14], [-14, -11, -29, -28, -28, -29, -11, -14], [-30, -10, -10, -29, -29, -10, -10, -30], [4, 3, -10, -11, -11, -10, 3, 4], [-20, 4, -30, -14, -14, -30, 4, -20]]
('1', '[16, 127, 224]', '[-7, 19, 24]')
black_wins:3,white_wins:3,total_win:3,ties:0
[[-28, -31, -5, -14, -14, -5, -31, -28], [-31, 8, 18, 0, 0, 18, 8, -31], [-5, 18, 21, -32, -32, 21, 18, -5], [-14, 0, -32, -21, -21, -32, 0, -14], [-14, 0, -32, -21, -21, -32, 0, -14], [-5, 18, 21, -32, -32, 21, 18, -5], [-31, 8, 18, 0, 0, 18, 8, -31], [-28, -31, -5, -14, -14, -5, -31, -28]]
[[19, 4, 28, 28, 28, 28, 4, 19], [4, 19, 23, 21, 21, 23, 19, 4], [28, 23, -28, 15, 15, -28, 23, 28], [28, 21, 15, -10, -10, 15, 21, 28], [28, 21, 15, -10, -10, 15, 21, 28], [28, 23, -28, 15, 15, -28, 23, 28], [4, 19, 23, 21, 21, 23, 19, 4], [19, 4, 28, 28, 28, 28, 4, 19]]
('1', '[88, 80, 131]', '[24, 25, -27]')
black_wins:3,white_wins:4,total_win:3,ties:0
[[-32, -22, 14, -25, -25, 14, -22, -32], [-22, -6, 31, -10, -10, 31, -6, -22], [14, 31, 12, -16, -16, 12, 31, 14], [-25, -10, -16, -12, -12, -16, -10, -25], [-25, -10, -16, -12, -12, -16, -10, -25], [14, 31, 12, -16, -16, 12, 31, 14], [-22, -6, 31, -10, -10, 31, -6, -22], [-32, -22, 14, -25, -25, 14, -22, -32]]
[[-9, -2, 30, -13, -13, 30, -2, -9], [-2, -28, 29, 13, 13, 29, -28, -2], [30, 29, 3, 21, 21, 3, 29, 30], [-13, 13, 21, -18, -18, 21, 13, -13], [-13, 13, 21, -18, -18, 21, 13, -13], [30, 29, 3, 21, 21, 3, 29, 30], [-2, -28, 29, 13, 13, 29, -28, -2], [-9, -2, 30, -13, -13, 30, -2, -9]]
('1', '[173, 167, 241]', '[0, 18, 31]')
black_wins:3,white_wins:3,total_win:3,ties:0
[[2, -7, 4, -30, -30, 4, -7, 2], [-7, -19, 15, 19, 19, 15, -19, -7], [4, 15, 27, -21, -21, 27, 15, 4], [-30, 19, -21, -26, -26, -21, 19, -30], [-30, 19, -21, -26, -26, -21, 19, -30], [4, 15, 27, -21, -21, 27, 15, 4], [-7, -19, 15, 19, 19, 15, -19, -7], [2, -7, 4, -30, -30, 4, -7, 2]]
[[-9, -18, 13, 15, 15, 13, -18, -9], [-18, 2, -3, 17, 17, -3, 2, -18], [13, -3, -12, 11, 11, -12, -3, 13], [15, 17, 11, 6, 6, 11, 17, 15], [15, 17, 11, 6, 6, 11, 17, 15], [13, -3, -12, 11, 11, -12, -3, 13], [-18, 2, -3, 17, 17, -3, 2, -18], [-9, -18, 13, 15, 15, 13, -18, -9]]
('1', '[98, 244, 222]', '[12, 17, 20]')
black_wins:4,white_wins:3,total_win:3,ties:0
[[-31, -15, 28, 29, 29, 28, -15, -31], [-15, 4, 28, 26, 26, 28, 4, -15], [28, 28, 29, -10, -10, 29, 28, 28], [29, 26, -10, -18, -18, -10, 26, 29], [29, 26, -10, -18, -18, -10, 26, 29], [28, 28, 29, -10, -10, 29, 28, 28], [-15, 4, 28, 26, 26, 28, 4, -15], [-31, -15, 28, 29, 29, 28, -15, -31]]
[[18, 20, -32, 28, 28, -32, 20, 18], [20, -5, -12, 1, 1, -12, -5, 20], [-32, -12, 12, 11, 11, 12, -12, -32], [28, 1, 11, -18, -18, 11, 1, 28], [28, 1, 11, -18, -18, 11, 1, 28], [-32, -12, 12, 11, 11, 12, -12, -32], [20, -5, -12, 1, 1, -12, -5, 20], [18, 20, -32, 28, 28, -32, 20, 18]]
('1', '[73, 93, 227]', '[14, -5, 6]')
black_wins:3,white_wins:3,total_win:3,ties:0
[[0, -7, -28, 29, 29, -28, -7, 0], [-7, 9, 27, 2, 2, 27, 9, -7], [-28, 27, 2, -27, -27, 2, 27, -28], [29, 2, -27, -27, -27, -27, 2, 29], [29, 2, -27, -27, -27, -27, 2, 29], [-28, 27, 2, -27, -27, 2, 27, -28], [-7, 9, 27, 2, 2, 27, 9, -7], [0, -7, -28, 29, 29, -28, -7, 0]]
[[19, -13, 29, 4, 4, 29, -13, 19], [-13, -11, -1, 17, 17, -1, -11, -13], [29, -1, 21, 11, 11, 21, -1, 29], [4, 17, 11, 6, 6, 11, 17, 4], [4, 17, 11, 6, 6, 11, 17, 4], [29, -1, 21, 11, 11, 21, -1, 29], [-13, -11, -1, 17, 17, -1, -11, -13], [19, -13, 29, 4, 4, 29, -13, 19]]
('1', '[68, 255, 185]', '[-10, 25, 8]')
black_wins:3,white_wins:2,total_win:2,ties:2
[[-31, -2, 8, -20, -20, 8, -2, -31], [-2, 26, 15, 6, 6, 15, 26, -2], [8, 15, -3, -17, -17, -3, 15, 8], [-20, 6, -17, -16, -16, -17, 6, -20], [-20, 6, -17, -16, -16, -17, 6, -20], [8, 15, -3, -17, -17, -3, 15, 8], [-2, 26, 15, 6, 6, 15, 26, -2], [-31, -2, 8, -20, -20, 8, -2, -31]]
[[-26, 22, -2, 20, 20, -2, 22, -26], [22, 15, 14, -3, -3, 14, 15, 22], [-2, 14, 4, 25, 25, 4, 14, -2], [20, -3, 25, -19, -19, 25, -3, 20], [20, -3, 25, -19, -19, 25, -3, 20], [-2, 14, 4, 25, 25, 4, 14, -2], [22, 15, 14, -3, -3, 14, 15, 22], [-26, 22, -2, 20, 20, -2, 22, -26]]
('1', '[2, 213, 211]', '[29, 10, 21]')
black_wins:5,white_wins:2,total_win:2,ties:2
[[10, 30, 5, -27, -27, 5, 30, 10], [30, -19, 25, 26, 26, 25, -19, 30], [5, 25, 11, -19, -19, 11, 25, 5], [-27, 26, -19, -28, -28, -19, 26, -27], [-27, 26, -19, -28, -28, -19, 26, -27], [5, 25, 11, -19, -19, 11, 25, 5], [30, -19, 25, 26, 26, 25, -19, 30], [10, 30, 5, -27, -27, 5, 30, 10]]
[[23, -2, 29, 13, 13, 29, -2, 23], [-2, 10, -8, 1, 1, -8, 10, -2], [29, -8, -26, 11, 11, -26, -8, 29], [13, 1, 11, 14, 14, 11, 1, 13], [13, 1, 11, 14, 14, 11, 1, 13], [29, -8, -26, 11, 11, -26, -8, 29], [-2, 10, -8, 1, 1, -8, 10, -2], [23, -2, 29, 13, 13, 29, -2, 23]]
('1', '[216, 164, 215]', '[12, 19, 20]')
black_wins:4,white_wins:2,total_win:2,ties:2
[[-6, -8, 28, -3, -3, 28, -8, -6], [-8, 8, 30, 26, 26, 30, 8, -8], [28, 30, 16, 18, 18, 16, 30, 28], [-3, 26, 18, 12, 12, 18, 26, -3], [-3, 26, 18, 12, 12, 18, 26, -3], [28, 30, 16, 18, 18, 16, 30, 28], [-8, 8, 30, 26, 26, 30, 8, -8], [-6, -8, 28, -3, -3, 28, -8, -6]]
[[18, 30, -32, 12, 12, -32, 30, 18], [30, -19, -28, 17, 17, -28, -19, 30], [-32, -28, 5, 27, 27, 5, -28, -32], [12, 17, 27, 12, 12, 27, 17, 12], [12, 17, 27, 12, 12, 27, 17, 12], [-32, -28, 5, 27, 27, 5, -28, -32], [30, -19, -28, 17, 17, -28, -19, 30], [18, 30, -32, 12, 12, -32, 30, 18]]
('1', '[104, 213, 228]', '[15, 19, 21]')
black_wins:2,white_wins:3,total_win:2,ties:1
[[4, -23, 25, 3, 3, 25, -23, 4], [-23, 4, 20, 12, 12, 20, 4, -23], [25, 20, 29, -16, -16, 29, 20, 25], [3, 12, -16, -21, -21, -16, 12, 3], [3, 12, -16, -21, -21, -16, 12, 3], [25, 20, 29, -16, -16, 29, 20, 25], [-23, 4, 20, 12, 12, 20, 4, -23], [4, -23, 25, 3, 3, 25, -23, 4]]
[[-8, 20, -16, 24, 24, -16, 20, -8], [20, 19, -9, -31, -31, -9, 19, 20], [-16, -9, -4, 11, 11, -4, -9, -16], [24, -31, 11, -2, -2, 11, -31, 24], [24, -31, 11, -2, -2, 11, -31, 24], [-16, -9, -4, 11, 11, -4, -9, -16], [20, 19, -9, -31, -31, -9, 19, 20], [-8, 20, -16, 24, 24, -16, 20, -8]]
('1', '[208, 89, 227]', '[-24, 25, 22]')
black_wins:2,white_wins:3,total_win:2,ties:1
[[23, -7, 21, -26, -26, 21, -7, 23], [-7, -7, 10, 18, 18, 10, -7, -7], [21, 10, 11, -23, -23, 11, 10, 21], [-26, 18, -23, -11, -11, -23, 18, -26], [-26, 18, -23, -11, -11, -23, 18, -26], [21, 10, 11, -23, -23, 11, 10, 21], [-7, -7, 10, 18, 18, 10, -7, -7], [23, -7, 21, -26, -26, 21, -7, 23]]
[[23, -4, 8, -26, -26, 8, -4, 23], [-4, -6, -1, 1, 1, -1, -6, -4], [8, -1, -4, 10, 10, -4, -1, 8], [-26, 1, 10, 6, 6, 10, 1, -26], [-26, 1, 10, 6, 6, 10, 1, -26], [8, -1, -4, 10, 10, -4, -1, 8], [-4, -6, -1, 1, 1, -1, -6, -4], [23, -4, 8, -26, -26, 8, -4, 23]]
('1', '[39, 244, 222]', '[6, 20, 22]')
black_wins:2,white_wins:3,total_win:2,ties:1
[[19, -21, 10, 5, 5, 10, -21, 19], [-21, 26, 24, -17, -17, 24, 26, -21], [10, 24, 22, 13, 13, 22, 24, 10], [5, -17, 13, -19, -19, 13, -17, 5], [5, -17, 13, -19, -19, 13, -17, 5], [10, 24, 22, 13, 13, 22, 24, 10], [-21, 26, 24, -17, -17, 24, 26, -21], [19, -21, 10, 5, 5, 10, -21, 19]]
[[22, -30, 18, 29, 29, 18, -30, 22], [-30, 31, 16, 18, 18, 16, 31, -30], [18, 16, 8, 25, 25, 8, 16, 18], [29, 18, 25, -22, -22, 25, 18, 29], [29, 18, 25, -22, -22, 25, 18, 29], [18, 16, 8, 25, 25, 8, 16, 18], [-30, 31, 16, 18, 18, 16, 31, -30], [22, -30, 18, 29, 29, 18, -30, 22]]
('1', '[120, 217, 25]', '[30, -13, -19]')
black_wins:2,white_wins:3,total_win:2,ties:1
[[-24, -21, -23, -13, -13, -23, -21, -24], [-21, -26, 25, -18, -18, 25, -26, -21], [-23, 25, -15, -27, -27, -15, 25, -23], [-13, -18, -27, 22, 22, -27, -18, -13], [-13, -18, -27, 22, 22, -27, -18, -13], [-23, 25, -15, -27, -27, -15, 25, -23], [-21, -26, 25, -18, -18, 25, -26, -21], [-24, -21, -23, -13, -13, -23, -21, -24]]
[[26, -6, -2, 29, 29, -2, -6, 26], [-6, -28, 5, 20, 20, 5, -28, -6], [-2, 5, 13, 21, 21, 13, 5, -2], [29, 20, 21, 7, 7, 21, 20, 29], [29, 20, 21, 7, 7, 21, 20, 29], [-2, 5, 13, 21, 21, 13, 5, -2], [-6, -28, 5, 20, 20, 5, -28, -6], [26, -6, -2, 29, 29, -2, -6, 26]]
('1', '[22, 215, 225]', '[31, 17, 16]')
black_wins:2,white_wins:2,total_win:2,ties:1
[[19, -22, 15, -20, -20, 15, -22, 19], [-22, -25, 11, -8, -8, 11, -25, -22], [15, 11, 0, -10, -10, 0, 11, 15], [-20, -8, -10, 6, 6, -10, -8, -20], [-20, -8, -10, 6, 6, -10, -8, -20], [15, 11, 0, -10, -10, 0, 11, 15], [-22, -25, 11, -8, -8, 11, -25, -22], [19, -22, 15, -20, -20, 15, -22, 19]]
[[0, 0, 28, 30, 30, 28, 0, 0], [0, -16, -15, 17, 17, -15, -16, 0], [28, -15, -28, 9, 9, -28, -15, 28], [30, 17, 9, 22, 22, 9, 17, 30], [30, 17, 9, 22, 22, 9, 17, 30], [28, -15, -28, 9, 9, -28, -15, 28], [0, -16, -15, 17, 17, -15, -16, 0], [0, 0, 28, 30, 30, 28, 0, 0]]
('1', '[211, 209, 176]', '[30, 23, 20]')
black_wins:4,white_wins:2,total_win:2,ties:1
[[-29, -10, 8, -24, -24, 8, -10, -29], [-10, 26, 15, 6, 6, 15, 26, -10], [8, 15, -11, -1, -1, -11, 15, 8], [-24, 6, -1, -15, -15, -1, 6, -24], [-24, 6, -1, -15, -15, -1, 6, -24], [8, 15, -11, -1, -1, -11, 15, 8], [-10, 26, 15, 6, 6, 15, 26, -10], [-29, -10, 8, -24, -24, 8, -10, -29]]
[[-26, -2, 30, 22, 22, 30, -2, -26], [-2, 15, 14, -3, -3, 14, 15, -2], [30, 14, 6, 24, 24, 6, 14, 30], [22, -3, 24, 31, 31, 24, -3, 22], [22, -3, 24, 31, 31, 24, -3, 22], [30, 14, 6, 24, 24, 6, 14, 30], [-2, 15, 14, -3, -3, 14, 15, -2], [-26, -2, 30, 22, 22, 30, -2, -26]]
('1', '[2, 213, 209]', '[29, 26, 21]')
black_wins:2,white_wins:2,total_win:2,ties:1
[[-26, -16, 9, -17, -17, 9, -16, -26], [-16, 22, 31, 2, 2, 31, 22, -16], [9, 31, -4, -3, -3, -4, 31, 9], [-17, 2, -3, -31, -31, -3, 2, -17], [-17, 2, -3, -31, -31, -3, 2, -17], [9, 31, -4, -3, -3, -4, 31, 9], [-16, 22, 31, 2, 2, 31, 22, -16], [-26, -16, 9, -17, -17, 9, -16, -26]]
[[-26, 8, -6, 22, 22, -6, 8, -26], [8, 15, -10, 17, 17, -10, 15, 8], [-6, -10, 7, -30, -30, 7, -10, -6], [22, 17, -30, -18, -18, -30, 17, 22], [22, 17, -30, -18, -18, -30, 17, 22], [-6, -10, 7, -30, -30, 7, -10, -6], [8, 15, -10, 17, 17, -10, 15, 8], [-26, 8, -6, 22, 22, -6, 8, -26]]
('1', '[129, 213, 241]', '[26, 29, 16]')
black_wins:3,white_wins:2,total_win:2,ties:1
[[-16, -31, 29, -5, -5, 29, -31, -16], [-31, -18, 21, 1, 1, 21, -18, -31], [29, 21, 6, 22, 22, 6, 21, 29], [-5, 1, 22, 3, 3, 22, 1, -5], [-5, 1, 22, 3, 3, 22, 1, -5], [29, 21, 6, 22, 22, 6, 21, 29], [-31, -18, 21, 1, 1, 21, -18, -31], [-16, -31, 29, -5, -5, 29, -31, -16]]
[[22, -28, 27, -24, -24, 27, -28, 22], [-28, -8, -12, 16, 16, -12, -8, -28], [27, -12, 12, 25, 25, 12, -12, 27], [-24, 16, 25, -4, -4, 25, 16, -24], [-24, 16, 25, -4, -4, 25, 16, -24], [27, -12, 12, 25, 25, 12, -12, 27], [-28, -8, -12, 16, 16, -12, -8, -28], [22, -28, 27, -24, -24, 27, -28, 22]]
('1', '[86, 65, 40]', '[15, 23, 7]')
black_wins:2,white_wins:2,total_win:2,ties:1
[[27, -26, -17, -24, -24, -17, -26, 27], [-26, 29, -21, 2, 2, -21, 29, -26], [-17, -21, 28, -11, -11, 28, -21, -17], [-24, 2, -11, -16, -16, -11, 2, -24], [-24, 2, -11, -16, -16, -11, 2, -24], [-17, -21, 28, -11, -11, 28, -21, -17], [-26, 29, -21, 2, 2, -21, 29, -26], [27, -26, -17, -24, -24, -17, -26, 27]]
[[-26, -10, -4, 20, 20, -4, -10, -26], [-10, -19, -17, 28, 28, -17, -19, -10], [-4, -17, -10, 31, 31, -10, -17, -4], [20, 28, 31, 14, 14, 31, 28, 20], [20, 28, 31, 14, 14, 31, 28, 20], [-4, -17, -10, 31, 31, -10, -17, -4], [-10, -19, -17, 28, 28, -17, -19, -10], [-26, -10, -4, 20, 20, -4, -10, -26]]
('1', '[24, 53, 208]', '[29, 27, 25]')
black_wins:3,white_wins:2,total_win:2,ties:1
[[4, -8, -15, 14, 14, -15, -8, 4], [-8, 25, 26, 18, 18, 26, 25, -8], [-15, 26, 3, -19, -19, 3, 26, -15], [14, 18, -19, -25, -25, -19, 18, 14], [14, 18, -19, -25, -25, -19, 18, 14], [-15, 26, 3, -19, -19, 3, 26, -15], [-8, 25, 26, 18, 18, 26, 25, -8], [4, -8, -15, 14, 14, -15, -8, 4]]
[[7, -1, 21, 5, 5, 21, -1, 7], [-1, -3, 31, 17, 17, 31, -3, -1], [21, 31, 29, 10, 10, 29, 31, 21], [5, 17, 10, 11, 11, 10, 17, 5], [5, 17, 10, 11, 11, 10, 17, 5], [21, 31, 29, 10, 10, 29, 31, 21], [-1, -3, 31, 17, 17, 31, -3, -1], [7, -1, 21, 5, 5, 21, -1, 7]]
('1', '[228, 165, 128]', '[6, 21, 8]')
black_wins:2,white_wins:2,total_win:2,ties:1
[[-6, -8, 28, -3, -3, 28, -8, -6], [-8, 8, 15, 24, 24, 15, 8, -8], [28, 15, -32, 2, 2, -32, 15, 28], [-3, 24, 2, 12, 12, 2, 24, -3], [-3, 24, 2, 12, 12, 2, 24, -3], [28, 15, -32, 2, 2, -32, 15, 28], [-8, 8, 15, 24, 24, 15, 8, -8], [-6, -8, 28, -3, -3, 28, -8, -6]]
[[18, 30, -15, 12, 12, -15, 30, 18], [30, -19, -28, 17, 17, -28, -19, 30], [-15, -28, 5, 26, 26, 5, -28, -15], [12, 17, 26, -20, -20, 26, 17, 12], [12, 17, 26, -20, -20, 26, 17, 12], [-15, -28, 5, 26, 26, 5, -28, -15], [30, -19, -28, 17, 17, -28, -19, 30], [18, 30, -15, 12, 12, -15, 30, 18]]
('1', '[72, 245, 228]', '[14, 23, 5]')
black_wins:2,white_wins:4,total_win:2,ties:0
[[27, 25, 20, 27, 27, 20, 25, 27], [25, 26, -8, 2, 2, -8, 26, 25], [20, -8, 26, -31, -31, 26, -8, 20], [27, 2, -31, 27, 27, -31, 2, 27], [27, 2, -31, 27, 27, -31, 2, 27], [20, -8, 26, -31, -31, 26, -8, 20], [25, 26, -8, 2, 2, -8, 26, 25], [27, 25, 20, 27, 27, 20, 25, 27]]
[[17, -1, 26, 6, 6, 26, -1, 17], [-1, 10, 5, 1, 1, 5, 10, -1], [26, 5, -1, -21, -21, -1, 5, 26], [6, 1, -21, 14, 14, -21, 1, 6], [6, 1, -21, 14, 14, -21, 1, 6], [26, 5, -1, -21, -21, -1, 5, 26], [-1, 10, 5, 1, 1, 5, 10, -1], [17, -1, 26, 6, 6, 26, -1, 17]]
('1', '[39, 244, 153]', '[22, 17, 2]')
black_wins:2,white_wins:3,total_win:2,ties:0
[[-7, -17, 15, -24, -24, 15, -17, -7], [-17, -18, 27, -25, -25, 27, -18, -17], [15, 27, 6, -24, -24, 6, 27, 15], [-24, -25, -24, -12, -12, -24, -25, -24], [-24, -25, -24, -12, -12, -24, -25, -24], [15, 27, 6, -24, -24, 6, 27, 15], [-17, -18, 27, -25, -25, 27, -18, -17], [-7, -17, 15, -24, -24, 15, -17, -7]]
[[12, 16, 22, 28, 28, 22, 16, 12], [16, 18, -13, 28, 28, -13, 18, 16], [22, -13, -19, 2, 2, -19, -13, 22], [28, 28, 2, 14, 14, 2, 28, 28], [28, 28, 2, 14, 14, 2, 28, 28], [22, -13, -19, 2, 2, -19, -13, 22], [16, 18, -13, 28, 28, -13, 18, 16], [12, 16, 22, 28, 28, 22, 16, 12]]
('1', '[7, 240, 244]', '[30, 19, 22]')
black_wins:2,white_wins:3,total_win:2,ties:0
[[2, -7, -19, -4, -4, -19, -7, 2], [-7, 9, 26, 2, 2, 26, 9, -7], [-19, 26, 3, -27, -27, 3, 26, -19], [-4, 2, -27, -20, -20, -27, 2, -4], [-4, 2, -27, -20, -20, -27, 2, -4], [-19, 26, 3, -27, -27, 3, 26, -19], [-7, 9, 26, 2, 2, 26, 9, -7], [2, -7, -19, -4, -4, -19, -7, 2]]
[[19, 19, 15, -28, -28, 15, 19, 19], [19, -11, 20, 25, 25, 20, -11, 19], [15, 20, -4, 11, 11, -4, 20, 15], [-28, 25, 11, 20, 20, 11, 25, -28], [-28, 25, 11, 20, 20, 11, 25, -28], [15, 20, -4, 11, 11, -4, 20, 15], [19, -11, 20, 25, 25, 20, -11, 19], [19, 19, 15, -28, -28, 15, 19, 19]]
('1', '[20, 61, 184]', '[28, 25, 14]')
black_wins:3,white_wins:2,total_win:2,ties:0
[[14, -7, 23, -1, -1, 23, -7, 14], [-7, -22, 23, 23, 23, 23, -22, -7], [23, 23, 3, -1, -1, 3, 23, 23], [-1, 23, -1, -8, -8, -1, 23, -1], [-1, 23, -1, -8, -8, -1, 23, -1], [23, 23, 3, -1, -1, 3, 23, 23], [-7, -22, 23, 23, 23, 23, -22, -7], [14, -7, 23, -1, -1, 23, -7, 14]]
[[-9, 5, 9, 30, 30, 9, 5, -9], [5, 22, 29, 13, 13, 29, 22, 5], [9, 29, -27, 10, 10, -27, 29, 9], [30, 13, 10, -20, -20, 10, 13, 30], [30, 13, 10, -20, -20, 10, 13, 30], [9, 29, -27, 10, 10, -27, 29, 9], [5, 22, 29, 13, 13, 29, 22, 5], [-9, 5, 9, 30, 30, 9, 5, -9]]
('1', '[172, 212, 224]', '[14, 18, 12]')
black_wins:4,white_wins:2,total_win:2,ties:0
[[-31, -21, 14, -25, -25, 14, -21, -31], [-21, -22, 26, -13, -13, 26, -22, -21], [14, 26, 1, -23, -23, 1, 26, 14], [-25, -13, -23, -14, -14, -23, -13, -25], [-25, -13, -23, -14, -14, -23, -13, -25], [14, 26, 1, -23, -23, 1, 26, 14], [-21, -22, 26, -13, -13, 26, -22, -21], [-31, -21, 14, -25, -25, 14, -21, -31]]
[[26, -6, 19, 18, 18, 19, -6, 26], [-6, 12, 27, 22, 22, 27, 12, -6], [19, 27, 27, 7, 7, 27, 27, 19], [18, 22, 7, -20, -20, 7, 22, 18], [18, 22, 7, -20, -20, 7, 22, 18], [19, 27, 27, 7, 7, 27, 27, 19], [-6, 12, 27, 22, 22, 27, 12, -6], [26, -6, 19, 18, 18, 19, -6, 26]]
('1', '[26, 183, 125]', '[30, 27, 20]')
black_wins:3,white_wins:2,total_win:2,ties:0
[[-32, -7, 14, -18, -18, 14, -7, -32], [-7, -29, 25, -14, -14, 25, -29, -7], [14, 25, 3, -27, -27, 3, 25, 14], [-18, -14, -27, 23, 23, -27, -14, -18], [-18, -14, -27, 23, 23, -27, -14, -18], [14, 25, 3, -27, -27, 3, 25, 14], [-7, -29, 25, -14, -14, 25, -29, -7], [-32, -7, 14, -18, -18, 14, -7, -32]]
[[24, -6, 14, 24, 24, 14, -6, 24], [-6, 5, 5, 16, 16, 5, 5, -6], [14, 5, 4, 14, 14, 4, 5, 14], [24, 16, 14, 22, 22, 14, 16, 24], [24, 16, 14, 22, 22, 14, 16, 24], [14, 5, 4, 14, 14, 4, 5, 14], [-6, 5, 5, 16, 16, 5, 5, -6], [24, -6, 14, 24, 24, 14, -6, 24]]
('1', '[20, 255, 253]', '[31, 27, 20]')
black_wins:3,white_wins:2,total_win:2,ties:0
[[-13, -8, -30, -15, -15, -30, -8, -13], [-8, 2, -2, 2, 2, -2, 2, -8], [-30, -2, 28, 0, 0, 28, -2, -30], [-15, 2, 0, -31, -31, 0, 2, -15], [-15, 2, 0, -31, -31, 0, 2, -15], [-30, -2, 28, 0, 0, 28, -2, -30], [-8, 2, -2, 2, 2, -2, 2, -8], [-13, -8, -30, -15, -15, -30, -8, -13]]
[[22, -16, 16, -24, -24, 16, -16, 22], [-16, 13, 21, 23, 23, 21, 13, -16], [16, 21, -23, 27, 27, -23, 21, 16], [-24, 23, 27, 10, 10, 27, 23, -24], [-24, 23, 27, 10, 10, 27, 23, -24], [16, 21, -23, 27, 27, -23, 21, 16], [-16, 13, 21, 23, 23, 21, 13, -16], [22, -16, 16, -24, -24, 16, -16, 22]]
('1', '[196, 116, 55]', '[30, 19, -11]')
