black_wins:43,white_wins:40,total_win:40,ties:6
[[9, 2, 4, 17, 17, 4, 2, 9], [2, 24, 24, 28, 28, 24, 24, 2], [4, 24, -14, 9, 9, -14, 24, 4], [17, 28, 9, -17, -17, 9, 28, 17], [17, 28, 9, -17, -17, 9, 28, 17], [4, 24, -14, 9, 9, -14, 24, 4], [2, 24, 24, 28, 28, 24, 24, 2], [9, 2, 4, 17, 17, 4, 2, 9]]
[[-20, 7, 17, 25, 25, 17, 7, -20], [7, 2, 28, 22, 22, 28, 2, 7], [17, 28, 7, -6, -6, 7, 28, 17], [25, 22, -6, 7, 7, -6, 22, 25], [25, 22, -6, 7, 7, -6, 22, 25], [17, 28, 7, -6, -6, 7, 28, 17], [7, 2, 28, 22, 22, 28, 2, 7], [-20, 7, 17, 25, 25, 17, 7, -20]]
('1', '[200, 201, 191]', '[1, 1, 0]')
black_wins:39,white_wins:40,total_win:39,ties:6
[[17, 27, 1, -13, -13, 1, 27, 17], [27, 30, 25, -3, -3, 25, 30, 27], [1, 25, 18, 1, 1, 18, 25, 1], [-13, -3, 1, -17, -17, 1, -3, -13], [-13, -3, 1, -17, -17, 1, -3, -13], [1, 25, 18, 1, 1, 18, 25, 1], [27, 30, 25, -3, -3, 25, 30, 27], [17, 27, 1, -13, -13, 1, 27, 17]]
[[-23, 29, 17, 25, 25, 17, 29, -23], [29, 16, 24, 17, 17, 24, 16, 29], [17, 24, 22, 10, 10, 22, 24, 17], [25, 17, 10, 6, 6, 10, 17, 25], [25, 17, 10, 6, 6, 10, 17, 25], [17, 24, 22, 10, 10, 22, 24, 17], [29, 16, 24, 17, 17, 24, 16, 29], [-23, 29, 17, 25, 25, 17, 29, -23]]
('1', '[3, 181, 238]', '[9, -63, 1]')
black_wins:42,white_wins:38,total_win:38,ties:13
[[-22, 31, 5, 28, 28, 5, 31, -22], [31, -2, 28, 22, 22, 28, -2, 31], [5, 28, 31, 1, 1, 31, 28, 5], [28, 22, 1, -17, -17, 1, 22, 28], [28, 22, 1, -17, -17, 1, 22, 28], [5, 28, 31, 1, 1, 31, 28, 5], [31, -2, 28, 22, 22, 28, -2, 31], [-22, 31, 5, 28, 28, 5, 31, -22]]
[[20, -14, 28, 26, 26, 28, -14, 20], [-14, 27, 28, 9, 9, 28, 27, -14], [28, 28, 22, 14, 14, 22, 28, 28], [26, 9, 14, 15, 15, 14, 9, 26], [26, 9, 14, 15, 15, 14, 9, 26], [28, 28, 22, 14, 14, 22, 28, 28], [-14, 27, 28, 9, 9, 28, 27, -14], [20, -14, 28, 26, 26, 28, -14, 20]]
('1', '[42, 190, 178]', '[1, 1, 1]')
black_wins:37,white_wins:38,total_win:37,ties:4
[[-2, -25, 29, 24, 24, 29, -25, -2], [-25, 13, 16, 14, 14, 16, 13, -25], [29, 16, 19, 13, 13, 19, 16, 29], [24, 14, 13, -19, -19, 13, 14, 24], [24, 14, 13, -19, -19, 13, 14, 24], [29, 16, 19, 13, 13, 19, 16, 29], [-25, 13, 16, 14, 14, 16, 13, -25], [-2, -25, 29, 24, 24, 29, -25, -2]]
[[6, -14, 25, 30, 30, 25, -14, 6], [-14, 19, 1, 15, 15, 1, 19, -14], [25, 1, 22, 6, 6, 22, 1, 25], [30, 15, 6, -20, -20, 6, 15, 30], [30, 15, 6, -20, -20, 6, 15, 30], [25, 1, 22, 6, 6, 22, 1, 25], [-14, 19, 1, 15, 15, 1, 19, -14], [6, -14, 25, 30, 30, 25, -14, 6]]
('1', '[226, 188, 178]', '[1, 1, 1]')
black_wins:36,white_wins:36,total_win:36,ties:8
[[14, -25, 28, -14, -14, 28, -25, 14], [-25, 24, 28, 27, 27, 28, 24, -25], [28, 28, 19, -21, -21, 19, 28, 28], [-14, 27, -21, -19, -19, -21, 27, -14], [-14, 27, -21, -19, -19, -21, 27, -14], [28, 28, 19, -21, -21, 19, 28, 28], [-25, 24, 28, 27, 27, 28, 24, -25], [14, -25, 28, -14, -14, 28, -25, 14]]
[[8, -4, 28, 28, 28, 28, -4, 8], [-4, 3, 9, 26, 26, 9, 3, -4], [28, 9, 31, 2, 2, 31, 9, 28], [28, 26, 2, -4, -4, 2, 26, 28], [28, 26, 2, -4, -4, 2, 26, 28], [28, 9, 31, 2, 2, 31, 9, 28], [-4, 3, 9, 26, 26, 9, 3, -4], [8, -4, 28, 28, 28, 28, -4, 8]]
('1', '[239, 30, 242]', '[1, 1, -63]')
black_wins:36,white_wins:36,total_win:36,ties:7
[[25, 19, -11, 28, 28, -11, 19, 25], [19, 2, 24, 18, 18, 24, 2, 19], [-11, 24, -5, 18, 18, -5, 24, -11], [28, 18, 18, -22, -22, 18, 18, 28], [28, 18, 18, -22, -22, 18, 18, 28], [-11, 24, -5, 18, 18, -5, 24, -11], [19, 2, 24, 18, 18, 24, 2, 19], [25, 19, -11, 28, 28, -11, 19, 25]]
[[4, -16, 17, 26, 26, 17, -16, 4], [-16, 9, 26, 1, 1, 26, 9, -16], [17, 26, 22, 24, 24, 22, 26, 17], [26, 1, 24, 6, 6, 24, 1, 26], [26, 1, 24, 6, 6, 24, 1, 26], [17, 26, 22, 24, 24, 22, 26, 17], [-16, 9, 26, 1, 1, 26, 9, -16], [4, -16, 17, 26, 26, 17, -16, 4]]
('1', '[107, 255, 171]', '[9, -61, 1]')
black_wins:41,white_wins:36,total_win:36,ties:5
[[-8, 2, -3, -8, -8, -3, 2, -8], [2, 23, -8, 18, 18, -8, 23, 2], [-3, -8, -23, -11, -11, -23, -8, -3], [-8, 18, -11, -24, -24, -11, 18, -8], [-8, 18, -11, -24, -24, -11, 18, -8], [-3, -8, -23, -11, -11, -23, -8, -3], [2, 23, -8, 18, 18, -8, 23, 2], [-8, 2, -3, -8, -8, -3, 2, -8]]
[[6, -16, 18, 31, 31, 18, -16, 6], [-16, 26, 26, 27, 27, 26, 26, -16], [18, 26, -14, 24, 24, -14, 26, 18], [31, 27, 24, 2, 2, 24, 27, 31], [31, 27, 24, 2, 2, 24, 27, 31], [18, 26, -14, 24, 24, -14, 26, 18], [-16, 26, 26, 27, 27, 26, 26, -16], [6, -16, 18, 31, 31, 18, -16, 6]]
('1', '[169, 255, 231]', '[1, -31, 1]')
black_wins:37,white_wins:36,total_win:36,ties:4
[[9, 1, 28, 19, 19, 28, 1, 9], [1, -12, 25, 13, 13, 25, -12, 1], [28, 25, 4, -15, -15, 4, 25, 28], [19, 13, -15, -9, -9, -15, 13, 19], [19, 13, -15, -9, -9, -15, 13, 19], [28, 25, 4, -15, -15, 4, 25, 28], [1, -12, 25, 13, 13, 25, -12, 1], [9, 1, 28, 19, 19, 28, 1, 9]]
[[12, -5, 31, 28, 28, 31, -5, 12], [-5, 26, 17, 27, 27, 17, 26, -5], [31, 17, 16, -18, -18, 16, 17, 31], [28, 27, -18, 0, 0, -18, 27, 28], [28, 27, -18, 0, 0, -18, 27, 28], [31, 17, 16, -18, -18, 16, 17, 31], [-5, 26, 17, 27, 27, 17, 26, -5], [12, -5, 31, 28, 28, 31, -5, 12]]
('1', '[97, 255, 171]', '[1, 1, 1]')
black_wins:35,white_wins:41,total_win:35,ties:8
[[12, -25, 21, 8, 8, 21, -25, 12], [-25, 31, 28, 14, 14, 28, 31, -25], [21, 28, 27, 5, 5, 27, 28, 21], [8, 14, 5, -20, -20, 5, 14, 8], [8, 14, 5, -20, -20, 5, 14, 8], [21, 28, 27, 5, 5, 27, 28, 21], [-25, 31, 28, 14, 14, 28, 31, -25], [12, -25, 21, 8, 8, 21, -25, 12]]
[[14, -16, 24, 31, 31, 24, -16, 14], [-16, 13, 25, 15, 15, 25, 13, -16], [24, 25, 23, 7, 7, 23, 25, 24], [31, 15, 7, -12, -12, 7, 15, 31], [31, 15, 7, -12, -12, 7, 15, 31], [24, 25, 23, 7, 7, 23, 25, 24], [-16, 13, 25, 15, 15, 25, 13, -16], [14, -16, 24, 31, 31, 24, -16, 14]]
('1', '[235, 174, 242]', '[1, 1, 1]')
black_wins:35,white_wins:40,total_win:35,ties:6
[[-18, -25, 21, 10, 10, 21, -25, -18], [-25, 21, 28, 14, 14, 28, 21, -25], [21, 28, 19, 5, 5, 19, 28, 21], [10, 14, 5, -19, -19, 5, 14, 10], [10, 14, 5, -19, -19, 5, 14, 10], [21, 28, 19, 5, 5, 19, 28, 21], [-25, 21, 28, 14, 14, 28, 21, -25], [-18, -25, 21, 10, 10, 21, -25, -18]]
[[14, 16, 8, 19, 19, 8, 16, 14], [16, 11, 25, 15, 15, 25, 11, 16], [8, 25, 22, 6, 6, 22, 25, 8], [19, 15, 6, -4, -4, 6, 15, 19], [19, 15, 6, -4, -4, 6, 15, 19], [8, 25, 22, 6, 6, 22, 25, 8], [16, 11, 25, 15, 15, 25, 11, 16], [14, 16, 8, 19, 19, 8, 16, 14]]
('1', '[113, 168, 186]', '[17, 1, 1]')
black_wins:35,white_wins:36,total_win:35,ties:5
[[9, 0, 31, 1, 1, 31, 0, 9], [0, 28, 24, 4, 4, 24, 28, 0], [31, 24, 23, 17, 17, 23, 24, 31], [1, 4, 17, -21, -21, 17, 4, 1], [1, 4, 17, -21, -21, 17, 4, 1], [31, 24, 23, 17, 17, 23, 24, 31], [0, 28, 24, 4, 4, 24, 28, 0], [9, 0, 31, 1, 1, 31, 0, 9]]
[[-14, 6, -1, 29, 29, -1, 6, -14], [6, 28, 17, 14, 14, 17, 28, 6], [-1, 17, 22, 27, 27, 22, 17, -1], [29, 14, 27, 29, 29, 27, 14, 29], [29, 14, 27, 29, 29, 27, 14, 29], [-1, 17, 22, 27, 27, 22, 17, -1], [6, 28, 17, 14, 14, 17, 28, 6], [-14, 6, -1, 29, 29, -1, 6, -14]]
('1', '[82, 185, 207]', '[17, -59, 1]')
black_wins:41,white_wins:34,total_win:34,ties:5
[[-22, -14, 31, 16, 16, 31, -14, -22], [-14, -10, 16, 19, 19, 16, -10, -14], [31, 16, 4, -27, -27, 4, 16, 31], [16, 19, -27, -20, -20, -27, 19, 16], [16, 19, -27, -20, -20, -27, 19, 16], [31, 16, 4, -27, -27, 4, 16, 31], [-14, -10, 16, 19, 19, 16, -10, -14], [-22, -14, 31, 16, 16, 31, -14, -22]]
[[6, 1, 25, 31, 31, 25, 1, 6], [1, 26, 27, 26, 26, 27, 26, 1], [25, 27, 26, 16, 16, 26, 27, 25], [31, 26, 16, 0, 0, 16, 26, 31], [31, 26, 16, 0, 0, 16, 26, 31], [25, 27, 26, 16, 16, 26, 27, 25], [1, 26, 27, 26, 26, 27, 26, 1], [6, 1, 25, 31, 31, 25, 1, 6]]
('1', '[217, 112, 102]', '[1, 1, 1]')
black_wins:34,white_wins:42,total_win:34,ties:5
[[12, -26, 31, 18, 18, 31, -26, 12], [-26, 21, 24, 14, 14, 24, 21, -26], [31, 24, 27, 5, 5, 27, 24, 31], [18, 14, 5, -6, -6, 5, 14, 18], [18, 14, 5, -6, -6, 5, 14, 18], [31, 24, 27, 5, 5, 27, 24, 31], [-26, 21, 24, 14, 14, 24, 21, -26], [12, -26, 31, 18, 18, 31, -26, 12]]
[[-18, 17, 24, -1, -1, 24, 17, -18], [17, 15, 30, 27, 27, 30, 15, 17], [24, 30, 30, -32, -32, 30, 30, 24], [-1, 27, -32, -9, -9, -32, 27, -1], [-1, 27, -32, -9, -9, -32, 27, -1], [24, 30, 30, -32, -32, 30, 30, 24], [17, 15, 30, 27, 27, 30, 15, 17], [-18, 17, 24, -1, -1, 24, 17, -18]]
('1', '[218, 238, 162]', '[1, 1, 1]')
black_wins:34,white_wins:40,total_win:34,ties:5
[[24, 22, 24, 27, 27, 24, 22, 24], [22, 28, 30, 9, 9, 30, 28, 22], [24, 30, 23, 13, 13, 23, 30, 24], [27, 9, 13, -19, -19, 13, 9, 27], [27, 9, 13, -19, -19, 13, 9, 27], [24, 30, 23, 13, 13, 23, 30, 24], [22, 28, 30, 9, 9, 30, 28, 22], [24, 22, 24, 27, 27, 24, 22, 24]]
[[4, 6, 31, -4, -4, 31, 6, 4], [6, 21, 29, 27, 27, 29, 21, 6], [31, 29, -28, -6, -6, -28, 29, 31], [-4, 27, -6, 0, 0, -6, 27, -4], [-4, 27, -6, 0, 0, -6, 27, -4], [31, 29, -28, -6, -6, -28, 29, 31], [6, 21, 29, 27, 27, 29, 21, 6], [4, 6, 31, -4, -4, 31, 6, 4]]
('1', '[214, 217, 221]', '[9, 1, -63]')
black_wins:35,white_wins:34,total_win:34,ties:4
[[-8, 22, 5, 24, 24, 5, 22, -8], [22, 30, 30, 14, 14, 30, 30, 22], [5, 30, 26, 21, 21, 26, 30, 5], [24, 14, 21, -17, -17, 21, 14, 24], [24, 14, 21, -17, -17, 21, 14, 24], [5, 30, 26, 21, 21, 26, 30, 5], [22, 30, 30, 14, 14, 30, 30, 22], [-8, 22, 5, 24, 24, 5, 22, -8]]
[[-15, 2, -1, -2, -2, -1, 2, -15], [2, 20, 12, 11, 11, 12, 20, 2], [-1, 12, 30, -6, -6, 30, 12, -1], [-2, 11, -6, 2, 2, -6, 11, -2], [-2, 11, -6, 2, 2, -6, 11, -2], [-1, 12, 30, -6, -6, 30, 12, -1], [2, 20, 12, 11, 11, 12, 20, 2], [-15, 2, -1, -2, -2, -1, 2, -15]]
('1', '[67, 218, 251]', '[1, 0, 1]')
black_wins:34,white_wins:46,total_win:34,ties:1
[[31, 7, 31, 30, 30, 31, 7, 31], [7, 20, 24, 14, 14, 24, 20, 7], [31, 24, 14, 9, 9, 14, 24, 31], [30, 14, 9, -19, -19, 9, 14, 30], [30, 14, 9, -19, -19, 9, 14, 30], [31, 24, 14, 9, 9, 14, 24, 31], [7, 20, 24, 14, 14, 24, 20, 7], [31, 7, 31, 30, 30, 31, 7, 31]]
[[15, 16, 31, 1, 1, 31, 16, 15], [16, 19, 24, 7, 7, 24, 19, 16], [31, 24, 20, 10, 10, 20, 24, 31], [1, 7, 10, -12, -12, 10, 7, 1], [1, 7, 10, -12, -12, 10, 7, 1], [31, 24, 20, 10, 10, 20, 24, 31], [16, 19, 24, 7, 7, 24, 19, 16], [15, 16, 31, 1, 1, 31, 16, 15]]
('1', '[48, 173, 238]', '[1, -63, 1]')
black_wins:34,white_wins:33,total_win:33,ties:10
[[5, 7, 31, 16, 16, 31, 7, 5], [7, -10, 24, 14, 14, 24, -10, 7], [31, 24, 23, -12, -12, 23, 24, 31], [16, 14, -12, -5, -5, -12, 14, 16], [16, 14, -12, -5, -5, -12, 14, 16], [31, 24, 23, -12, -12, 23, 24, 31], [7, -10, 24, 14, 14, 24, -10, 7], [5, 7, 31, 16, 16, 31, 7, 5]]
[[4, -7, 28, 13, 13, 28, -7, 4], [-7, 30, 25, 26, 26, 25, 30, -7], [28, 25, 10, -30, -30, 10, 25, 28], [13, 26, -30, -26, -26, -30, 26, 13], [13, 26, -30, -26, -26, -30, 26, 13], [28, 25, 10, -30, -30, 10, 25, 28], [-7, 30, 25, 26, 26, 25, 30, -7], [4, -7, 28, 13, 13, 28, -7, 4]]
('1', '[232, 175, 163]', '[0, 1, 1]')
black_wins:33,white_wins:35,total_win:33,ties:2
[[1, 11, 9, -5, -5, 9, 11, 1], [11, 24, 24, 28, 28, 24, 24, 11], [9, 24, 19, 1, 1, 19, 24, 9], [-5, 28, 1, -17, -17, 1, 28, -5], [-5, 28, 1, -17, -17, 1, 28, -5], [9, 24, 19, 1, 1, 19, 24, 9], [11, 24, 24, 28, 28, 24, 24, 11], [1, 11, 9, -5, -5, 9, 11, 1]]
[[-19, 13, 17, 25, 25, 17, 13, -19], [13, 3, 26, 3, 3, 26, 3, 13], [17, 26, 31, -21, -21, 31, 26, 17], [25, 3, -21, 6, 6, -21, 3, 25], [25, 3, -21, 6, 6, -21, 3, 25], [17, 26, 31, -21, -21, 31, 26, 17], [13, 3, 26, 3, 3, 26, 3, 13], [-19, 13, 17, 25, 25, 17, 13, -19]]
('1', '[200, 244, 255]', '[1, 1, 1]')
black_wins:37,white_wins:32,total_win:32,ties:8
[[-1, 19, 20, 24, 24, 20, 19, -1], [19, 27, 16, 6, 6, 16, 27, 19], [20, 16, 25, 1, 1, 25, 16, 20], [24, 6, 1, -21, -21, 1, 6, 24], [24, 6, 1, -21, -21, 1, 6, 24], [20, 16, 25, 1, 1, 25, 16, 20], [19, 27, 16, 6, 6, 16, 27, 19], [-1, 19, 20, 24, 24, 20, 19, -1]]
[[4, -31, 28, 3, 3, 28, -31, 4], [-31, 19, 24, 19, 19, 24, 19, -31], [28, 24, 18, 14, 14, 18, 24, 28], [3, 19, 14, -18, -18, 14, 19, 3], [3, 19, 14, -18, -18, 14, 19, 3], [28, 24, 18, 14, 14, 18, 24, 28], [-31, 19, 24, 19, 19, 24, 19, -31], [4, -31, 28, 3, 3, 28, -31, 4]]
('1', '[35, 184, 179]', '[1, 3, -59]')
black_wins:32,white_wins:32,total_win:32,ties:8
[[-1, -25, 29, 26, 26, 29, -25, -1], [-25, 21, 25, 6, 6, 25, 21, -25], [29, 25, -6, 1, 1, -6, 25, 29], [26, 6, 1, 14, 14, 1, 6, 26], [26, 6, 1, 14, 14, 1, 6, 26], [29, 25, -6, 1, 1, -6, 25, 29], [-25, 21, 25, 6, 6, 25, 21, -25], [-1, -25, 29, 26, 26, 29, -25, -1]]
[[18, 18, -2, 31, 31, -2, 18, 18], [18, -7, 20, 15, 15, 20, -7, 18], [-2, 20, 30, 0, 0, 30, 20, -2], [31, 15, 0, -27, -27, 0, 15, 31], [31, 15, 0, -27, -27, 0, 15, 31], [-2, 20, 30, 0, 0, 30, 20, -2], [18, -7, 20, 15, 15, 20, -7, 18], [18, 18, -2, 31, 31, -2, 18, 18]]
('1', '[91, 189, 166]', '[1, 3, 5]')
black_wins:36,white_wins:32,total_win:32,ties:7
[[-23, -28, 23, -13, -13, 23, -28, -23], [-28, 16, 0, 29, 29, 0, 16, -28], [23, 0, 22, -3, -3, 22, 0, 23], [-13, 29, -3, -17, -17, -3, 29, -13], [-13, 29, -3, -17, -17, -3, 29, -13], [23, 0, 22, -3, -3, 22, 0, 23], [-28, 16, 0, 29, 29, 0, 16, -28], [-23, -28, 23, -13, -13, 23, -28, -23]]
[[8, 9, 25, 28, 28, 25, 9, 8], [9, 24, 27, 16, 16, 27, 24, 9], [25, 27, 19, 2, 2, 19, 27, 25], [28, 16, 2, 20, 20, 2, 16, 28], [28, 16, 2, 20, 20, 2, 16, 28], [25, 27, 19, 2, 2, 19, 27, 25], [9, 24, 27, 16, 16, 27, 24, 9], [8, 9, 25, 28, 28, 25, 9, 8]]
('1', '[16, 189, 238]', '[17, 1, 0]')
black_wins:34,white_wins:32,total_win:32,ties:7
[[-22, -16, 30, 16, 16, 30, -16, -22], [-16, -16, 16, 19, 19, 16, -16, -16], [30, 16, 5, -11, -11, 5, 16, 30], [16, 19, -11, -20, -20, -11, 19, 16], [16, 19, -11, -20, -20, -11, 19, 16], [30, 16, 5, -11, -11, 5, 16, 30], [-16, -16, 16, 19, 19, 16, -16, -16], [-22, -16, 30, 16, 16, 30, -16, -22]]
[[6, 1, 24, 31, 31, 24, 1, 6], [1, 26, 26, 10, 10, 26, 26, 1], [24, 26, 26, 16, 16, 26, 26, 24], [31, 10, 16, 0, 0, 16, 10, 31], [31, 10, 16, 0, 0, 16, 10, 31], [24, 26, 26, 16, 16, 26, 26, 24], [1, 26, 26, 10, 10, 26, 26, 1], [6, 1, 24, 31, 31, 24, 1, 6]]
('1', '[217, 121, 230]', '[1, 1, 1]')
black_wins:32,white_wins:32,total_win:32,ties:4
[[-7, -26, -9, 25, 25, -9, -26, -7], [-26, 28, 25, 6, 6, 25, 28, -26], [-9, 25, 19, 11, 11, 19, 25, -9], [25, 6, 11, -17, -17, 11, 6, 25], [25, 6, 11, -17, -17, 11, 6, 25], [-9, 25, 19, 11, 11, 19, 25, -9], [-26, 28, 25, 6, 6, 25, 28, -26], [-7, -26, -9, 25, 25, -9, -26, -7]]
[[18, 2, 30, 31, 31, 30, 2, 18], [2, 16, 1, 14, 14, 1, 16, 2], [30, 1, 22, 6, 6, 22, 1, 30], [31, 14, 6, 12, 12, 6, 14, 31], [31, 14, 6, 12, 12, 6, 14, 31], [30, 1, 22, 6, 6, 22, 1, 30], [2, 16, 1, 14, 14, 1, 16, 2], [18, 2, 30, 31, 31, 30, 2, 18]]
('1', '[90, 189, 238]', '[5, 1, 1]')
black_wins:32,white_wins:43,total_win:32,ties:3
[[14, -26, 24, 18, 18, 24, -26, 14], [-26, 11, 23, 9, 9, 23, 11, -26], [24, 23, 17, -13, -13, 17, 23, 24], [18, 9, -13, -25, -25, -13, 9, 18], [18, 9, -13, -25, -25, -13, 9, 18], [24, 23, 17, -13, -13, 17, 23, 24], [-26, 11, 23, 9, 9, 23, 11, -26], [14, -26, 24, 18, 18, 24, -26, 14]]
[[29, -26, 28, 21, 21, 28, -26, 29], [-26, 18, 25, 19, 19, 25, 18, -26], [28, 25, 24, 26, 26, 24, 25, 28], [21, 19, 26, 13, 13, 26, 19, 21], [21, 19, 26, 13, 13, 26, 19, 21], [28, 25, 24, 26, 26, 24, 25, 28], [-26, 18, 25, 19, 19, 25, 18, -26], [29, -26, 28, 21, 21, 28, -26, 29]]
('1', '[130, 218, 144]', '[5, 5, 1]')
black_wins:33,white_wins:31,total_win:31,ties:9
[[31, 7, 31, 18, 18, 31, 7, 31], [7, 17, 24, 6, 6, 24, 17, 7], [31, 24, -6, 1, 1, -6, 24, 31], [18, 6, 1, 26, 26, 1, 6, 18], [18, 6, 1, 26, 26, 1, 6, 18], [31, 24, -6, 1, 1, -6, 24, 31], [7, 17, 24, 6, 6, 24, 17, 7], [31, 7, 31, 18, 18, 31, 7, 31]]
[[-8, -31, 30, 19, 19, 30, -31, -8], [-31, 11, 20, 27, 27, 20, 11, -31], [30, 20, 26, 0, 0, 26, 20, 30], [19, 27, 0, -25, -25, 0, 27, 19], [19, 27, 0, -25, -25, 0, 27, 19], [30, 20, 26, 0, 0, 26, 20, 30], [-31, 11, 20, 27, 27, 20, 11, -31], [-8, -31, 30, 19, 19, 30, -31, -8]]
('1', '[92, 238, 163]', '[1, 2, 1]')
black_wins:31,white_wins:31,total_win:31,ties:9
[[8, -19, 5, 29, 29, 5, -19, 8], [-19, -10, 25, -9, -9, 25, -10, -19], [5, 25, 30, 1, 1, 30, 25, 5], [29, -9, 1, -17, -17, 1, -9, 29], [29, -9, 1, -17, -17, 1, -9, 29], [5, 25, 30, 1, 1, 30, 25, 5], [-19, -10, 25, -9, -9, 25, -10, -19], [8, -19, 5, 29, 29, 5, -19, 8]]
[[28, 22, 13, 26, 26, 13, 22, 28], [22, -7, 29, 27, 27, 29, -7, 22], [13, 29, 22, 26, 26, 22, 29, 13], [26, 27, 26, 15, 15, 26, 27, 26], [26, 27, 26, 15, 15, 26, 27, 26], [13, 29, 22, 26, 26, 22, 29, 13], [22, -7, 29, 27, 27, 29, -7, 22], [28, 22, 13, 26, 26, 13, 22, 28]]
('1', '[58, 162, 242]', '[1, 1, 9]')
black_wins:31,white_wins:46,total_win:31,ties:5
[[-23, 27, 17, -4, -4, 17, 27, -23], [27, -6, 24, 22, 22, 24, -6, 27], [17, 24, -5, 0, 0, -5, 24, 17], [-4, 22, 0, -17, -17, 0, 22, -4], [-4, 22, 0, -17, -17, 0, 22, -4], [17, 24, -5, 0, 0, -5, 24, 17], [27, -6, 24, 22, 22, 24, -6, 27], [-23, 27, 17, -4, -4, 17, 27, -23]]
[[-20, -9, 16, 27, 27, 16, -9, -20], [-9, 11, 30, 3, 3, 30, 11, -9], [16, 30, 7, -6, -6, 7, 30, 16], [27, 3, -6, 7, 7, -6, 3, 27], [27, 3, -6, 7, 7, -6, 3, 27], [16, 30, 7, -6, -6, 7, 30, 16], [-9, 11, 30, 3, 3, 30, 11, -9], [-20, -9, 16, 27, 27, 16, -9, -20]]
('1', '[107, 219, 179]', '[1, 3, 1]')
black_wins:31,white_wins:37,total_win:31,ties:3
[[8, -25, 28, -14, -14, 28, -25, 8], [-25, 24, 28, 11, 11, 28, 24, -25], [28, 28, 19, 14, 14, 19, 28, 28], [-14, 11, 14, 13, 13, 14, 11, -14], [-14, 11, 14, 13, 13, 14, 11, -14], [28, 28, 19, 14, 14, 19, 28, 28], [-25, 24, 28, 11, 11, 28, 24, -25], [8, -25, 28, -14, -14, 28, -25, 8]]
[[8, -4, -4, 21, 21, -4, -4, 8], [-4, 22, -20, 31, 31, -20, 22, -4], [-4, -20, 28, 19, 19, 28, -20, -4], [21, 31, 19, -4, -4, 19, 31, 21], [21, 31, 19, -4, -4, 19, 31, 21], [-4, -20, 28, 19, 19, 28, -20, -4], [-4, 22, -20, 31, 31, -20, 22, -4], [8, -4, -4, 21, 21, -4, -4, 8]]
('1', '[175, 154, 238]', '[3, 5, -63]')
black_wins:30,white_wins:46,total_win:30,ties:7
[[-2, 2, 22, 24, 24, 22, 2, -2], [2, 16, 16, 26, 26, 16, 16, 2], [22, 16, 3, -11, -11, 3, 16, 22], [24, 26, -11, -20, -20, -11, 26, 24], [24, 26, -11, -20, -20, -11, 26, 24], [22, 16, 3, -11, -11, 3, 16, 22], [2, 16, 16, 26, 26, 16, 16, 2], [-2, 2, 22, 24, 24, 22, 2, -2]]
[[3, -29, -6, 11, 11, -6, -29, 3], [-29, 10, 27, 11, 11, 27, 10, -29], [-6, 27, 30, 18, 18, 30, 27, -6], [11, 11, 18, 1, 1, 18, 11, 11], [11, 11, 18, 1, 1, 18, 11, 11], [-6, 27, 30, 18, 18, 30, 27, -6], [-29, 10, 27, 11, 11, 27, 10, -29], [3, -29, -6, 11, 11, -6, -29, 3]]
('1', '[83, 250, 246]', '[0, -59, -63]')
black_wins:30,white_wins:31,total_win:30,ties:7
[[-29, -13, 5, -15, -15, 5, -13, -29], [-13, 30, 27, -3, -3, 27, 30, -13], [5, 27, -30, -23, -23, -30, 27, 5], [-15, -3, -23, -17, -17, -23, -3, -15], [-15, -3, -23, -17, -17, -23, -3, -15], [5, 27, -30, -23, -23, -30, 27, 5], [-13, 30, 27, -3, -3, 27, 30, -13], [-29, -13, 5, -15, -15, 5, -13, -29]]
[[13, 13, 25, 27, 27, 25, 13, 13], [13, 2, 28, 17, 17, 28, 2, 13], [25, 28, 3, -22, -22, 3, 28, 25], [27, 17, -22, 18, 18, -22, 17, 27], [27, 17, -22, 18, 18, -22, 17, 27], [25, 28, 3, -22, -22, 3, 28, 25], [13, 2, 28, 17, 17, 28, 2, 13], [13, 13, 25, 27, 27, 25, 13, 13]]
('1', '[75, 49, 238]', '[-63, 1, -63]')
black_wins:37,white_wins:30,total_win:30,ties:7
[[-5, -10, 13, 25, 25, 13, -10, -5], [-10, 30, 25, 4, 4, 25, 30, -10], [13, 25, -15, 3, 3, -15, 25, 13], [25, 4, 3, -25, -25, 3, 4, 25], [25, 4, 3, -25, -25, 3, 4, 25], [13, 25, -15, 3, 3, -15, 25, 13], [-10, 30, 25, 4, 4, 25, 30, -10], [-5, -10, 13, 25, 25, 13, -10, -5]]
[[26, 2, -2, 31, 31, -2, 2, 26], [2, 0, 9, 31, 31, 9, 0, 2], [-2, 9, 2, 14, 14, 2, 9, -2], [31, 31, 14, -20, -20, 14, 31, 31], [31, 31, 14, -20, -20, 14, 31, 31], [-2, 9, 2, 14, 14, 2, 9, -2], [2, 0, 9, 31, 31, 9, 0, 2], [26, 2, -2, 31, 31, -2, 2, 26]]
('1', '[194, 255, 236]', '[1, 1, 0]')
black_wins:32,white_wins:30,total_win:30,ties:3
[[12, -25, 29, -3, -3, 29, -25, 12], [-25, 24, 20, 30, 30, 20, 24, -25], [29, 20, 17, 1, 1, 17, 20, 29], [-3, 30, 1, -19, -19, 1, 30, -3], [-3, 30, 1, -19, -19, 1, 30, -3], [29, 20, 17, 1, 1, 17, 20, 29], [-25, 24, 20, 30, 30, 20, 24, -25], [12, -25, 29, -3, -3, 29, -25, 12]]
[[4, 21, 25, 27, 27, 25, 21, 4], [21, 19, 24, 10, 10, 24, 19, 21], [25, 24, 23, -22, -22, 23, 24, 25], [27, 10, -22, -28, -28, -22, 10, 27], [27, 10, -22, -28, -28, -22, 10, 27], [25, 24, 23, -22, -22, 23, 24, 25], [21, 19, 24, 10, 10, 24, 19, 21], [4, 21, 25, 27, 27, 25, 21, 4]]
('1', '[234, 174, 242]', '[1, 17, 1]')
