life time:5,black_wins:40,white_wins:39,total_win:39,history_black_win:5,history_white_win:4,ties:8
[[27, -22, 62, 59, 59, 62, -22, 27], [-22, 23, 17, 28, 28, 17, 23, -22], [62, 17, 25, -58, -58, 25, 17, 62], [59, 28, -58, -54, -54, -58, 28, 59], [59, 28, -58, -54, -54, -58, 28, 59], [62, 17, 25, -58, -58, 25, 17, 62], [-22, 23, 17, 28, 28, 17, 23, -22], [27, -22, 62, 59, 59, 62, -22, 27]]
[[-57, -51, -46, 52, 52, -46, -51, -57], [-51, 49, -10, -23, -23, -10, 49, -51], [-46, -10, 8, -49, -49, 8, -10, -46], [52, -23, -49, -32, -32, -49, -23, 52], [52, -23, -49, -32, -32, -49, -23, 52], [-46, -10, 8, -49, -49, 8, -10, -46], [-51, 49, -10, -23, -23, -10, 49, -51], [-57, -51, -46, 52, 52, -46, -51, -57]]
[[28, 55, 6, 32, 32, 6, 55, 28], [55, 30, -31, 50, 50, -31, 30, 55], [6, -31, 15, 37, 37, 15, -31, 6], [32, 50, 37, -57, -57, 37, 50, 32], [32, 50, 37, -57, -57, 37, 50, 32], [6, -31, 15, 37, 37, 15, -31, 6], [55, 30, -31, 50, 50, -31, 30, 55], [28, 55, 6, 32, 32, 6, 55, 28]]
[[-53, 25, 59, 25, 25, 59, 25, -53], [25, 6, 17, -49, -49, 17, 6, 25], [59, 17, 25, 44, 44, 25, 17, 59], [25, -49, 44, 57, 57, 44, -49, 25], [25, -49, 44, 57, 57, 44, -49, 25], [59, 17, 25, 44, 44, 25, 17, 59], [25, 6, 17, -49, -49, 17, 6, 25], [-53, 25, 59, 25, 25, 59, 25, -53]]
('1', '[52, 225, 245]', '[-19, -39, -43]', '[-56, -72, -59]')
life time:0,black_wins:43,white_wins:39,total_win:39,history_black_win:7,history_white_win:5,ties:3
[[55, -30, 47, 51, 51, 47, -30, 55], [-30, 55, 57, 29, 29, 57, 55, -30], [47, 57, 16, -57, -57, 16, 57, 47], [51, 29, -57, -54, -54, -57, 29, 51], [51, 29, -57, -54, -54, -57, 29, 51], [47, 57, 16, -57, -57, 16, 57, 47], [-30, 55, 57, 29, 29, 57, 55, -30], [55, -30, 47, 51, 51, 47, -30, 55]]
[[11, -51, -58, 52, 52, -58, -51, 11], [-51, 19, -10, -24, -24, -10, 19, -51], [-58, -10, -32, -1, -1, -32, -10, -58], [52, -24, -1, -32, -32, -1, -24, 52], [52, -24, -1, -32, -32, -1, -24, 52], [-58, -10, -32, -1, -1, -32, -10, -58], [-51, 19, -10, -24, -24, -10, 19, -51], [11, -51, -58, 52, 52, -58, -51, 11]]
[[28, 55, 6, 32, 32, 6, 55, 28], [55, 23, -31, 48, 48, -31, 23, 55], [6, -31, 15, 53, 53, 15, -31, 6], [32, 48, 53, -53, -53, 53, 48, 32], [32, 48, 53, -53, -53, 53, 48, 32], [6, -31, 15, 53, 53, 15, -31, 6], [55, 23, -31, 48, 48, -31, 23, 55], [28, 55, 6, 32, 32, 6, 55, 28]]
[[-49, 25, 63, 8, 8, 63, 25, -49], [25, 7, 31, -25, -25, 31, 7, 25], [63, 31, 17, 2, 2, 17, 31, 63], [8, -25, 2, 57, 57, 2, -25, 8], [8, -25, 2, 57, 57, 2, -25, 8], [63, 31, 17, 2, 2, 17, 31, 63], [25, 7, 31, -25, -25, 31, 7, 25], [-49, 25, 63, 8, 8, 63, 25, -49]]
('1', '[52, 176, 250]', '[-52, -35, -43]', '[-56, -90, -58]')
life time:1,black_wins:37,white_wins:38,total_win:37,history_black_win:3,history_white_win:3,ties:9
[[27, -51, -31, 15, 15, -31, -51, 27], [-51, 0, 57, 55, 55, 57, 0, -51], [-31, 57, 29, -43, -43, 29, 57, -31], [15, 55, -43, -33, -33, -43, 55, 15], [15, 55, -43, -33, -33, -43, 55, 15], [-31, 57, 29, -43, -43, 29, 57, -31], [-51, 0, 57, 55, 55, 57, 0, -51], [27, -51, -31, 15, 15, -31, -51, 27]]
[[-63, -56, 0, -52, -52, 0, -56, -63], [-56, 49, -10, 59, 59, -10, 49, -56], [0, -10, 13, -36, -36, 13, -10, 0], [-52, 59, -36, -18, -18, -36, 59, -52], [-52, 59, -36, -18, -18, -36, 59, -52], [0, -10, 13, -36, -36, 13, -10, 0], [-56, 49, -10, 59, 59, -10, 49, -56], [-63, -56, 0, -52, -52, 0, -56, -63]]
[[6, 49, 30, -52, -52, 30, 49, 6], [49, 40, -19, 40, 40, -19, 40, 49], [30, -19, 52, 2, 2, 52, -19, 30], [-52, 40, 2, -13, -13, 2, 40, -52], [-52, 40, 2, -13, -13, 2, 40, -52], [30, -19, 52, 2, 2, 52, -19, 30], [49, 40, -19, 40, 40, -19, 40, 49], [6, 49, 30, -52, -52, 30, 49, 6]]
[[19, 59, 37, 54, 54, 37, 59, 19], [59, 38, -48, 10, 10, -48, 38, 59], [37, -48, -55, 36, 36, -55, -48, 37], [54, 10, 36, 59, 59, 36, 10, 54], [54, 10, 36, 59, 59, 36, 10, 54], [37, -48, -55, 36, 36, -55, -48, 37], [59, 38, -48, 10, 10, -48, 38, 59], [19, 59, 37, 54, 54, 37, 59, 19]]
('1', '[20, 161, 244]', '[-50, -38, -62]', '[-19, -111, -47]')
life time:0,black_wins:37,white_wins:39,total_win:37,history_black_win:6,history_white_win:4,ties:5
[[15, -57, 46, 0, 0, 46, -57, 15], [-57, 18, 32, 55, 55, 32, 18, -57], [46, 32, 12, -61, -61, 12, 32, 46], [0, 55, -61, -64, -64, -61, 55, 0], [0, 55, -61, -64, -64, -61, 55, 0], [46, 32, 12, -61, -61, 12, 32, 46], [-57, 18, 32, 55, 55, 32, 18, -57], [15, -57, 46, 0, 0, 46, -57, 15]]
[[-16, -64, 34, 13, 13, 34, -64, -16], [-64, 54, -11, -5, -5, -11, 54, -64], [34, -11, 58, -50, -50, 58, -11, 34], [13, -5, -50, -4, -4, -50, -5, 13], [13, -5, -50, -4, -4, -50, -5, 13], [34, -11, 58, -50, -50, 58, -11, 34], [-64, 54, -11, -5, -5, -11, 54, -64], [-16, -64, 34, 13, 13, 34, -64, -16]]
[[21, 52, 2, -33, -33, 2, 52, 21], [52, 62, -52, 48, 48, -52, 62, 52], [2, -52, 8, 14, 14, 8, -52, 2], [-33, 48, 14, -59, -59, 14, 48, -33], [-33, 48, 14, -59, -59, 14, 48, -33], [2, -52, 8, 14, 14, 8, -52, 2], [52, 62, -52, 48, 48, -52, 62, 52], [21, 52, 2, -33, -33, 2, 52, 21]]
[[-53, 19, 9, 58, 58, 9, 19, -53], [19, 30, 32, -28, -28, 32, 30, 19], [9, 32, 25, 37, 37, 25, 32, 9], [58, -28, 37, 24, 24, 37, -28, 58], [58, -28, 37, 24, 24, 37, -28, 58], [9, 32, 25, 37, 37, 25, 32, 9], [19, 30, 32, -28, -28, 32, 30, 19], [-53, 19, 9, 58, 58, 9, 19, -53]]
('1', '[54, 232, 240]', '[-4, -49, -38]', '[-26, -115, -114]')
life time:2,black_wins:42,white_wins:35,total_win:35,history_black_win:8,history_white_win:3,ties:9
[[39, -62, -17, 19, 19, -17, -62, 39], [-62, 54, 56, 29, 29, 56, 54, -62], [-17, 56, 50, -41, -41, 50, 56, -17], [19, 29, -41, -24, -24, -41, 29, 19], [19, 29, -41, -24, -24, -41, 29, 19], [-17, 56, 50, -41, -41, 50, 56, -17], [-62, 54, 56, 29, 29, 56, 54, -62], [39, -62, -17, 19, 19, -17, -62, 39]]
[[11, -52, -42, 61, 61, -42, -52, 11], [-52, 3, -10, -22, -22, -10, 3, -52], [-42, -10, -32, -7, -7, -32, -10, -42], [61, -22, -7, -18, -18, -7, -22, 61], [61, -22, -7, -18, -18, -7, -22, 61], [-42, -10, -32, -7, -7, -32, -10, -42], [-52, 3, -10, -22, -22, -10, 3, -52], [11, -52, -42, 61, 61, -42, -52, 11]]
[[28, 55, 6, 40, 40, 6, 55, 28], [55, 7, -19, 16, 16, -19, 7, 55], [6, -19, 11, 21, 21, 11, -19, 6], [40, 16, 21, -53, -53, 21, 16, 40], [40, 16, 21, -53, -53, 21, 16, 40], [6, -19, 11, 21, 21, 11, -19, 6], [55, 7, -19, 16, 16, -19, 7, 55], [28, 55, 6, 40, 40, 6, 55, 28]]
[[-58, 57, 45, 9, 9, 45, 57, -58], [57, 15, 14, -26, -26, 14, 15, 57], [45, 14, -63, 4, 4, -63, 14, 45], [9, -26, 4, 57, 57, 4, -26, 9], [9, -26, 4, 57, 57, 4, -26, 9], [45, 14, -63, 4, 4, -63, 14, 45], [57, 15, 14, -26, -26, 14, 15, 57], [-58, 57, 45, 9, 9, 45, 57, -58]]
('1', '[150, 176, 238]', '[-36, -52, -33]', '[-28, -94, -58]')
life time:8,black_wins:34,white_wins:37,total_win:34,history_black_win:3,history_white_win:7,ties:6
[[7, -51, 54, 50, 50, 54, -51, 7], [-51, 58, 61, 1, 1, 61, 58, -51], [54, 61, 18, -61, -61, 18, 61, 54], [50, 1, -61, -62, -62, -61, 1, 50], [50, 1, -61, -62, -62, -61, 1, 50], [54, 61, 18, -61, -61, 18, 61, 54], [-51, 58, 61, 1, 1, 61, 58, -51], [7, -51, 54, 50, 50, 54, -51, 7]]
[[18, -43, -41, 53, 53, -41, -43, 18], [-43, 19, -13, -24, -24, -13, 19, -43], [-41, -13, -38, -44, -44, -38, -13, -41], [53, -24, -44, -20, -20, -44, -24, 53], [53, -24, -44, -20, -20, -44, -24, 53], [-41, -13, -38, -44, -44, -38, -13, -41], [-43, 19, -13, -24, -24, -13, 19, -43], [18, -43, -41, 53, 53, -41, -43, 18]]
[[-19, 62, 53, 4, 4, 53, 62, -19], [62, -58, -23, 26, 26, -23, -58, 62], [53, -23, -52, 14, 14, -52, -23, 53], [4, 26, 14, -25, -25, 14, 26, 4], [4, 26, 14, -25, -25, 14, 26, 4], [53, -23, -52, 14, 14, -52, -23, 53], [62, -58, -23, 26, 26, -23, -58, 62], [-19, 62, 53, 4, 4, 53, 62, -19]]
[[15, 63, 41, 26, 26, 41, 63, 15], [63, 16, 12, -26, -26, 12, 16, 63], [41, 12, 25, 47, 47, 25, 12, 41], [26, -26, 47, 25, 25, 47, -26, 26], [26, -26, 47, 25, 25, 47, -26, 26], [41, 12, 25, 47, 47, 25, 12, 41], [63, 16, 12, -26, -26, 12, 16, 63], [15, 63, 41, 26, 26, 41, 63, 15]]
('1', '[148, 200, 218]', '[-8, -33, -36]', '[-35, -123, -3]')
life time:4,black_wins:34,white_wins:36,total_win:34,history_black_win:2,history_white_win:7,ties:4
[[35, -32, 58, 54, 54, 58, -32, 35], [-32, 52, 59, 61, 61, 59, 52, -32], [58, 59, 27, -47, -47, 27, 59, 58], [54, 61, -47, -38, -38, -47, 61, 54], [54, 61, -47, -38, -38, -47, 61, 54], [58, 59, 27, -47, -47, 27, 59, 58], [-32, 52, 59, 61, 61, 59, 52, -32], [35, -32, 58, 54, 54, 58, -32, 35]]
[[-63, -35, -33, 13, 13, -33, -35, -63], [-35, 51, -10, -22, -22, -10, 51, -35], [-33, -10, -15, -59, -59, -15, -10, -33], [13, -22, -59, -4, -4, -59, -22, 13], [13, -22, -59, -4, -4, -59, -22, 13], [-33, -10, -15, -59, -59, -15, -10, -33], [-35, 51, -10, -22, -22, -10, 51, -35], [-63, -35, -33, 13, 13, -33, -35, -63]]
[[12, 55, 12, -38, -38, 12, 55, 12], [55, 23, -28, 17, 17, -28, 23, 55], [12, -28, -49, 5, 5, -49, -28, 12], [-38, 17, 5, -31, -31, 5, 17, -38], [-38, 17, 5, -31, -31, 5, 17, -38], [12, -28, -49, 5, 5, -49, -28, 12], [55, 23, -28, 17, 17, -28, 23, 55], [12, 55, 12, -38, -38, 12, 55, 12]]
[[-61, 58, 49, 24, 24, 49, 58, -61], [58, 2, 61, -58, -58, 61, 2, 58], [49, 61, 40, 48, 48, 40, 61, 49], [24, -58, 48, -39, -39, 48, -58, 24], [24, -58, 48, -39, -39, 48, -58, 24], [49, 61, 40, 48, 48, 40, 61, 49], [58, 2, 61, -58, -58, 61, 2, 58], [-61, 58, 49, 24, 24, 49, 58, -61]]
('1', '[20, 249, 228]', '[-56, -20, -33]', '[-56, -94, -42]')
life time:0,black_wins:33,white_wins:33,total_win:33,history_black_win:4,history_white_win:6,ties:14
[[51, -46, 39, 43, 43, 39, -46, 51], [-46, 54, 61, 29, 29, 61, 54, -46], [39, 61, 30, -41, -41, 30, 61, 39], [43, 29, -41, -34, -34, -41, 29, 43], [43, 29, -41, -34, -34, -41, 29, 43], [39, 61, 30, -41, -41, 30, 61, 39], [-46, 54, 61, 29, 29, 61, 54, -46], [51, -46, 39, 43, 43, 39, -46, 51]]
[[-44, -53, -62, 62, 62, -62, -53, -44], [-53, 51, -10, -6, -6, -10, 51, -53], [-62, -10, 32, -51, -51, 32, -10, -62], [62, -6, -51, -11, -11, -51, -6, 62], [62, -6, -51, -11, -11, -51, -6, 62], [-62, -10, 32, -51, -51, 32, -10, -62], [-53, 51, -10, -6, -6, -10, 51, -53], [-44, -53, -62, 62, 62, -62, -53, -44]]
[[63, 51, 54, 8, 8, 54, 51, 63], [51, -34, 6, 48, 48, 6, -34, 51], [54, 6, -35, -33, -33, -35, 6, 54], [8, 48, -33, -53, -53, -33, 48, 8], [8, 48, -33, -53, -53, -33, 48, 8], [54, 6, -35, -33, -33, -35, 6, 54], [51, -34, 6, 48, 48, 6, -34, 51], [63, 51, 54, 8, 8, 54, 51, 63]]
[[-55, 43, 9, 27, 27, 9, 43, -55], [43, 6, 58, -20, -20, 58, 6, 43], [9, 58, -64, 49, 49, -64, 58, 9], [27, -20, 49, 57, 57, 49, -20, 27], [27, -20, 49, 57, 57, 49, -20, 27], [9, 58, -64, 49, 49, -64, 58, 9], [43, 6, 58, -20, -20, 58, 6, 43], [-55, 43, 9, 27, 27, 9, 43, -55]]
('1', '[34, 241, 228]', '[-20, -50, -41]', '[-60, -78, -51]')
life time:4,black_wins:34,white_wins:33,total_win:33,history_black_win:8,history_white_win:4,ties:9
[[31, -44, 54, 56, 56, 54, -44, 31], [-44, 20, 57, 63, 63, 57, 20, -44], [54, 57, 46, -41, -41, 46, 57, 54], [56, 63, -41, -53, -53, -41, 63, 56], [56, 63, -41, -53, -53, -41, 63, 56], [54, 57, 46, -41, -41, 46, 57, 54], [-44, 20, 57, 63, 63, 57, 20, -44], [31, -44, 54, 56, 56, 54, -44, 31]]
[[-59, -52, 20, -17, -17, 20, -52, -59], [-52, 53, -11, 49, 49, -11, 53, -52], [20, -11, 32, 13, 13, 32, -11, 20], [-17, 49, 13, -4, -4, 13, 49, -17], [-17, 49, 13, -4, -4, 13, 49, -17], [20, -11, 32, 13, 13, 32, -11, 20], [-52, 53, -11, 49, 49, -11, 53, -52], [-59, -52, 20, -17, -17, 20, -52, -59]]
[[6, 62, 55, -23, -23, 55, 62, 6], [62, 8, 37, 9, 9, 37, 8, 62], [55, 37, -17, -5, -5, -17, 37, 55], [-23, 9, -5, -29, -29, -5, 9, -23], [-23, 9, -5, -29, -29, -5, 9, -23], [55, 37, -17, -5, -5, -17, 37, 55], [62, 8, 37, 9, 9, 37, 8, 62], [6, 62, 55, -23, -23, 55, 62, 6]]
[[-55, 42, 43, 26, 26, 43, 42, -55], [42, 38, -27, -30, -30, -27, 38, 42], [43, -27, -51, 32, 32, -51, -27, 43], [26, -30, 32, -15, -15, 32, -30, 26], [26, -30, 32, -15, -15, 32, -30, 26], [43, -27, -51, 32, 32, -51, -27, 43], [42, 38, -27, -30, -30, -27, 38, 42], [-55, 42, 43, 26, 26, 43, 42, -55]]
('1', '[134, 237, 244]', '[-60, -50, -33]', '[-77, -12, -35]')
life time:3,black_wins:38,white_wins:33,total_win:33,history_black_win:2,history_white_win:7,ties:8
[[39, -36, 23, 51, 51, 23, -36, 39], [-36, 22, 61, 31, 31, 61, 22, -36], [23, 61, 36, -45, -45, 36, 61, 23], [51, 31, -45, -52, -52, -45, 31, 51], [51, 31, -45, -52, -52, -45, 31, 51], [23, 61, 36, -45, -45, 36, 61, 23], [-36, 22, 61, 31, 31, 61, 22, -36], [39, -36, 23, 51, 51, 23, -36, 39]]
[[1, -52, -34, 23, 23, -34, -52, 1], [-52, 21, -11, 40, 40, -11, 21, -52], [-34, -11, 57, -51, -51, 57, -11, -34], [23, 40, -51, 12, 12, -51, 40, 23], [23, 40, -51, 12, 12, -51, 40, 23], [-34, -11, 57, -51, -51, 57, -11, -34], [-52, 21, -11, 40, 40, -11, 21, -52], [1, -52, -34, 23, 23, -34, -52, 1]]
[[-9, 63, 7, 36, 36, 7, 63, -9], [63, 24, 17, -16, -16, 17, 24, 63], [7, 17, -53, 26, 26, -53, 17, 7], [36, -16, 26, 43, 43, 26, -16, 36], [36, -16, 26, 43, 43, 26, -16, 36], [7, 17, -53, 26, 26, -53, 17, 7], [63, 24, 17, -16, -16, 17, 24, 63], [-9, 63, 7, 36, 36, 7, 63, -9]]
[[3, 39, 47, 42, 42, 47, 39, 3], [39, 22, -56, -32, -32, -56, 22, 39], [47, -56, 24, 38, 38, 24, -56, 47], [42, -32, 38, -5, -5, 38, -32, 42], [42, -32, 38, -5, -5, 38, -32, 42], [47, -56, 24, 38, 38, 24, -56, 47], [39, 22, -56, -32, -32, -56, 22, 39], [3, 39, 47, 42, 42, 47, 39, 3]]
('1', '[50, 232, 214]', '[-26, -38, -58]', '[-93, -76, -35]')
life time:0,black_wins:33,white_wins:37,total_win:33,history_black_win:5,history_white_win:6,ties:7
[[50, -60, 55, 62, 62, 55, -60, 50], [-60, 22, 60, 61, 61, 60, 22, -60], [55, 60, 45, -41, -41, 45, 60, 55], [62, 61, -41, -6, -6, -41, 61, 62], [62, 61, -41, -6, -6, -41, 61, 62], [55, 60, 45, -41, -41, 45, 60, 55], [-60, 22, 60, 61, 61, 60, 22, -60], [50, -60, 55, 62, 62, 55, -60, 50]]
[[-63, -52, -42, -4, -4, -42, -52, -63], [-52, 49, -10, -6, -6, -10, 49, -52], [-42, -10, -56, -55, -55, -56, -10, -42], [-4, -6, -55, -4, -4, -55, -6, -4], [-4, -6, -55, -4, -4, -55, -6, -4], [-42, -10, -56, -55, -55, -56, -10, -42], [-52, 49, -10, -6, -6, -10, 49, -52], [-63, -52, -42, -4, -4, -42, -52, -63]]
[[30, 52, 14, 8, 8, 14, 52, 30], [52, 9, 37, 3, 3, 37, 9, 52], [14, 37, -1, -29, -29, -1, 37, 14], [8, 3, -29, 3, 3, -29, 3, 8], [8, 3, -29, 3, 3, -29, 3, 8], [14, 37, -1, -29, -29, -1, 37, 14], [52, 9, 37, 3, 3, 37, 9, 52], [30, 52, 14, 8, 8, 14, 52, 30]]
[[-57, 27, 41, 26, 26, 41, 27, -57], [27, 6, -35, -62, -62, -35, 6, 27], [41, -35, -63, 53, 53, -63, -35, 41], [26, -62, 53, -11, -11, 53, -62, 26], [26, -62, 53, -11, -11, 53, -62, 26], [41, -35, -63, 53, 53, -63, -35, 41], [27, 6, -35, -62, -62, -35, 6, 27], [-57, 27, 41, 26, 26, 41, 27, -57]]
('1', '[22, 233, 244]', '[52, -54, -33]', '[-65, -78, -51]')
life time:0,black_wins:33,white_wins:37,total_win:33,history_black_win:5,history_white_win:7,ties:7
[[7, -31, 54, 50, 50, 54, -31, 7], [-31, 19, 50, 59, 59, 50, 19, -31], [54, 50, 27, -62, -62, 27, 50, 54], [50, 59, -62, -61, -61, -62, 59, 50], [50, 59, -62, -61, -61, -62, 59, 50], [54, 50, 27, -62, -62, 27, 50, 54], [-31, 19, 50, 59, 59, 50, 19, -31], [7, -31, 54, 50, 50, 54, -31, 7]]
[[-10, -59, 23, 29, 29, 23, -59, -10], [-59, 51, -6, -14, -14, -6, 51, -59], [23, -6, 26, -59, -59, 26, -6, 23], [29, -14, -59, -20, -20, -59, -14, 29], [29, -14, -59, -20, -20, -59, -14, 29], [23, -6, 26, -59, -59, 26, -6, 23], [-59, 51, -6, -14, -14, -6, 51, -59], [-10, -59, 23, 29, 29, 23, -59, -10]]
[[29, 54, 39, -38, -38, 39, 54, 29], [54, 30, 4, 26, 26, 4, 30, 54], [39, 4, -50, 14, 14, -50, 4, 39], [-38, 26, 14, 39, 39, 14, 26, -38], [-38, 26, 14, 39, 39, 14, 26, -38], [39, 4, -50, 14, 14, -50, 4, 39], [54, 30, 4, 26, 26, 4, 30, 54], [29, 54, 39, -38, -38, 39, 54, 29]]
[[11, 49, 39, 18, 18, 39, 49, 11], [49, 7, -19, -18, -18, -19, 7, 49], [39, -19, -40, 35, 35, -40, -19, 39], [18, -18, 35, -39, -39, 35, -18, 18], [18, -18, 35, -39, -39, 35, -18, 18], [39, -19, -40, 35, 35, -40, -19, 39], [49, 7, -19, -18, -18, -19, 7, 49], [11, 49, 39, 18, 18, 39, 49, 11]]
('1', '[50, 233, 148]', '[-3, -44, -33]', '[-92, -115, -67]')
life time:0,black_wins:36,white_wins:33,total_win:33,history_black_win:4,history_white_win:4,ties:6
[[49, -31, 58, 22, 22, 58, -31, 49], [-31, 47, 40, -35, -35, 40, 47, -31], [58, 40, 30, -33, -33, 30, 40, 58], [22, -35, -33, -38, -38, -33, -35, 22], [22, -35, -33, -38, -38, -33, -35, 22], [58, 40, 30, -33, -33, 30, 40, 58], [-31, 47, 40, -35, -35, 40, 47, -31], [49, -31, 58, 22, 22, 58, -31, 49]]
[[-30, -32, 22, 44, 44, 22, -32, -30], [-32, 38, -22, 58, 58, -22, 38, -32], [22, -22, 11, -63, -63, 11, -22, 22], [44, 58, -63, 60, 60, -63, 58, 44], [44, 58, -63, 60, 60, -63, 58, 44], [22, -22, 11, -63, -63, 11, -22, 22], [-32, 38, -22, 58, 58, -22, 38, -32], [-30, -32, 22, 44, 44, 22, -32, -30]]
[[4, 63, 15, 2, 2, 15, 63, 4], [63, 18, -28, 1, 1, -28, 18, 63], [15, -28, 54, 48, 48, 54, -28, 15], [2, 1, 48, -15, -15, 48, 1, 2], [2, 1, 48, -15, -15, 48, 1, 2], [15, -28, 54, 48, 48, 54, -28, 15], [63, 18, -28, 1, 1, -28, 18, 63], [4, 63, 15, 2, 2, 15, 63, 4]]
[[3, 63, 33, 26, 26, 33, 63, 3], [63, 36, -36, -29, -29, -36, 36, 63], [33, -36, -8, 32, 32, -8, -36, 33], [26, -29, 32, 23, 23, 32, -29, 26], [26, -29, 32, 23, 23, 32, -29, 26], [33, -36, -8, 32, 32, -8, -36, 33], [63, 36, -36, -29, -29, -36, 36, 63], [3, 63, 33, 26, 26, 33, 63, 3]]
('1', '[14, 241, 252]', '[-20, -1, -33]', '[-28, -26, -42]')
life time:6,black_wins:34,white_wins:33,total_win:33,history_black_win:4,history_white_win:6,ties:6
[[51, -30, 63, 51, 51, 63, -30, 51], [-30, 54, 57, 29, 29, 57, 54, -30], [63, 57, 59, -41, -41, 59, 57, 63], [51, 29, -41, -54, -54, -41, 29, 51], [51, 29, -41, -54, -54, -41, 29, 51], [63, 57, 59, -41, -41, 59, 57, 63], [-30, 54, 57, 29, 29, 57, 54, -30], [51, -30, 63, 51, 51, 63, -30, 51]]
[[-63, -36, -46, 60, 60, -46, -36, -63], [-36, 51, -10, -22, -22, -10, 51, -36], [-46, -10, -8, -51, -51, -8, -10, -46], [60, -22, -51, -20, -20, -51, -22, 60], [60, -22, -51, -20, -20, -51, -22, 60], [-46, -10, -8, -51, -51, -8, -10, -46], [-36, 51, -10, -22, -22, -10, 51, -36], [-63, -36, -46, 60, 60, -46, -36, -63]]
[[28, 55, 14, 10, 10, 14, 55, 28], [55, 14, 36, 16, 16, 36, 14, 55], [14, 36, 15, 37, 37, 15, 36, 14], [10, 16, 37, -53, -53, 37, 16, 10], [10, 16, 37, -53, -53, 37, 16, 10], [14, 36, 15, 37, 37, 15, 36, 14], [55, 14, 36, 16, 16, 36, 14, 55], [28, 55, 14, 10, 10, 14, 55, 28]]
[[-53, 57, 41, 25, 25, 41, 57, -53], [57, 6, 57, -58, -58, 57, 6, 57], [41, 57, 1, 52, 52, 1, 57, 41], [25, -58, 52, 61, 61, 52, -58, 25], [25, -58, 52, 61, 61, 52, -58, 25], [41, 57, 1, 52, 52, 1, 57, 41], [57, 6, 57, -58, -58, 57, 6, 57], [-53, 57, 41, 25, 25, 41, 57, -53]]
('1', '[52, 224, 228]', '[-36, -50, -33]', '[-56, -94, -58]')
life time:4,black_wins:37,white_wins:33,total_win:33,history_black_win:8,history_white_win:7,ties:5
[[27, -52, 55, 39, 39, 55, -52, 27], [-52, 51, 49, 24, 24, 49, 51, -52], [55, 49, -38, -26, -26, -38, 49, 55], [39, 24, -26, -62, -62, -26, 24, 39], [39, 24, -26, -62, -62, -26, 24, 39], [55, 49, -38, -26, -26, -38, 49, 55], [-52, 51, 49, 24, 24, 49, 51, -52], [27, -52, 55, 39, 39, 55, -52, 27]]
[[-25, -50, -34, 37, 37, -34, -50, -25], [-50, 39, -2, -5, -5, -2, 39, -50], [-34, -2, -53, -63, -63, -53, -2, -34], [37, -5, -63, -23, -23, -63, -5, 37], [37, -5, -63, -23, -23, -63, -5, 37], [-34, -2, -53, -63, -63, -53, -2, -34], [-50, 39, -2, -5, -5, -2, 39, -50], [-25, -50, -34, 37, 37, -34, -50, -25]]
[[10, -4, 43, 1, 1, 43, -4, 10], [-4, 4, 32, -7, -7, 32, 4, -4], [43, 32, -54, 46, 46, -54, 32, 43], [1, -7, 46, 27, 27, 46, -7, 1], [1, -7, 46, 27, 27, 46, -7, 1], [43, 32, -54, 46, 46, -54, 32, 43], [-4, 4, 32, -7, -7, 32, 4, -4], [10, -4, 43, 1, 1, 43, -4, 10]]
[[-57, 43, 39, 46, 46, 39, 43, -57], [43, 48, 13, 5, 5, 13, 48, 43], [39, 13, 24, 57, 57, 24, 13, 39], [46, 5, 57, 25, 25, 57, 5, 46], [46, 5, 57, 25, 25, 57, 5, 46], [39, 13, 24, 57, 57, 24, 13, 39], [43, 48, 13, 5, 5, 13, 48, 43], [-57, 43, 39, 46, 46, 39, 43, -57]]
('1', '[7, 193, 222]', '[45, -60, -62]', '[-17, -84, -10]')
life time:0,black_wins:32,white_wins:32,total_win:32,history_black_win:4,history_white_win:4,ties:9
[[5, -29, -2, 18, 18, -2, -29, 5], [-29, 48, 50, 61, 61, 50, 48, -29], [-2, 50, -13, -37, -37, -13, 50, -2], [18, 61, -37, -38, -38, -37, 61, 18], [18, 61, -37, -38, -38, -37, 61, 18], [-2, 50, -13, -37, -37, -13, 50, -2], [-29, 48, 50, 61, 61, 50, 48, -29], [5, -29, -2, 18, 18, -2, -29, 5]]
[[1, -52, -42, 53, 53, -42, -52, 1], [-52, 23, -10, -22, -22, -10, 23, -52], [-42, -10, -30, -43, -43, -30, -10, -42], [53, -22, -43, -12, -12, -43, -22, 53], [53, -22, -43, -12, -12, -43, -22, 53], [-42, -10, -30, -43, -43, -30, -10, -42], [-52, 23, -10, -22, -22, -10, 23, -52], [1, -52, -42, 53, 53, -42, -52, 1]]
[[28, 55, 37, -54, -54, 37, 55, 28], [55, 23, -19, 16, 16, -19, 23, 55], [37, -19, -49, 21, 21, -49, -19, 37], [-54, 16, 21, -61, -61, 21, 16, -54], [-54, 16, 21, -61, -61, 21, 16, -54], [37, -19, -49, 21, 21, -49, -19, 37], [55, 23, -19, 16, 16, -19, 23, 55], [28, 55, 37, -54, -54, 37, 55, 28]]
[[-62, 16, 39, 11, 11, 39, 16, -62], [16, 14, 29, -25, -25, 29, 14, 16], [39, 29, 33, 20, 20, 33, 29, 39], [11, -25, 20, 57, 57, 20, -25, 11], [11, -25, 20, 57, 57, 20, -25, 11], [39, 29, 33, 20, 20, 33, 29, 39], [16, 14, 29, -25, -25, 29, 14, 16], [-62, 16, 39, 11, 11, 39, 16, -62]]
('1', '[150, 177, 222]', '[-56, -48, -37]', '[-28, -94, -58]')
life time:0,black_wins:32,white_wins:32,total_win:32,history_black_win:7,history_white_win:3,ties:9
[[11, -8, 54, 50, 50, 54, -8, 11], [-8, 22, 21, 30, 30, 21, 22, -8], [54, 21, 40, -58, -58, 40, 21, 54], [50, 30, -58, -50, -50, -58, 30, 50], [50, 30, -58, -50, -50, -58, 30, 50], [54, 21, 40, -58, -58, 40, 21, 54], [-8, 22, 21, 30, 30, 21, 22, -8], [11, -8, 54, 50, 50, 54, -8, 11]]
[[9, -52, 26, 23, 23, 26, -52, 9], [-52, 17, -12, 40, 40, -12, 17, -52], [26, -12, 32, -51, -51, 32, -12, 26], [23, 40, -51, 0, 0, -51, 40, 23], [23, 40, -51, 0, 0, -51, 40, 23], [26, -12, 32, -51, -51, 32, -12, 26], [-52, 17, -12, 40, 40, -12, 17, -52], [9, -52, 26, 23, 23, 26, -52, 9]]
[[-44, 55, 6, 32, 32, 6, 55, -44], [55, 28, 17, 48, 48, 17, 28, 55], [6, 17, -49, 9, 9, -49, 17, 6], [32, 48, 9, 35, 35, 9, 48, 32], [32, 48, 9, 35, 35, 9, 48, 32], [6, 17, -49, 9, 9, -49, 17, 6], [55, 28, 17, 48, 48, 17, 28, 55], [-44, 55, 6, 32, 32, 6, 55, -44]]
[[-61, -25, 35, 24, 24, 35, -25, -61], [-25, 2, 24, -63, -63, 24, 2, -25], [35, 24, -39, 46, 46, -39, 24, 35], [24, -63, 46, -7, -7, 46, -63, 24], [24, -63, 46, -7, -7, 46, -63, 24], [35, 24, -39, 46, 46, -39, 24, 35], [-25, 2, 24, -63, -63, 24, 2, -25], [-61, -25, 35, 24, 24, 35, -25, -61]]
('1', '[54, 241, 247]', '[-51, -53, -42]', '[-28, -76, -35]')
life time:1,black_wins:35,white_wins:32,total_win:32,history_black_win:5,history_white_win:7,ties:9
[[59, -59, 55, 62, 62, 55, -59, 59], [-59, 4, 57, 63, 63, 57, 4, -59], [55, 57, 45, -42, -42, 45, 57, 55], [62, 63, -42, -5, -5, -42, 63, 62], [62, 63, -42, -5, -5, -42, 63, 62], [55, 57, 45, -42, -42, 45, 57, 55], [-59, 4, 57, 63, 63, 57, 4, -59], [59, -59, 55, 62, 62, 55, -59, 59]]
[[-59, -52, 20, -18, -18, 20, -52, -59], [-52, 49, -9, -5, -5, -9, 49, -52], [20, -9, 4, 9, 9, 4, -9, 20], [-18, -5, 9, -4, -4, 9, -5, -18], [-18, -5, 9, -4, -4, 9, -5, -18], [20, -9, 4, 9, 9, 4, -9, 20], [-52, 49, -9, -5, -5, -9, 49, -52], [-59, -52, 20, -18, -18, 20, -52, -59]]
[[14, 52, 30, -23, -23, 30, 52, 14], [52, 9, 45, 35, 35, 45, 9, 52], [30, 45, -2, -29, -29, -2, 45, 30], [-23, 35, -29, 1, 1, -29, 35, -23], [-23, 35, -29, 1, 1, -29, 35, -23], [30, 45, -2, -29, -29, -2, 45, 30], [52, 9, 45, 35, 35, 45, 9, 52], [14, 52, 30, -23, -23, 30, 52, 14]]
[[-57, 59, 43, 26, 26, 43, 59, -57], [59, 38, -51, -14, -14, -51, 38, 59], [43, -51, -47, 36, 36, -47, -51, 43], [26, -14, 36, -15, -15, 36, -14, 26], [26, -14, 36, -15, -15, 36, -14, 26], [43, -51, -47, 36, 36, -47, -51, 43], [59, 38, -51, -14, -14, -51, 38, 59], [-57, 59, 43, 26, 26, 43, 59, -57]]
('1', '[22, 237, 244]', '[4, -54, -35]', '[-69, -44, -35]')
life time:8,black_wins:32,white_wins:32,total_win:32,history_black_win:2,history_white_win:5,ties:8
[[51, -59, 61, 27, 27, 61, -59, 51], [-59, 6, 41, 61, 61, 41, 6, -59], [61, 41, 44, -41, -41, 44, 41, 61], [27, 61, -41, -21, -21, -41, 61, 27], [27, 61, -41, -21, -21, -41, 61, 27], [61, 41, 44, -41, -41, 44, 41, 61], [-59, 6, 41, 61, 61, 41, 6, -59], [51, -59, 61, 27, 27, 61, -59, 51]]
[[-31, -60, 22, 13, 13, 22, -60, -31], [-60, 49, -2, -45, -45, -2, 49, -60], [22, -2, 9, 9, 9, 9, -2, 22], [13, -45, 9, -18, -18, 9, -45, 13], [13, -45, 9, -18, -18, 9, -45, 13], [22, -2, 9, 9, 9, 9, -2, 22], [-60, 49, -2, -45, -45, -2, 49, -60], [-31, -60, 22, 13, 13, 22, -60, -31]]
[[24, 53, 18, 50, 50, 18, 53, 24], [53, 34, -23, 41, 41, -23, 34, 53], [18, -23, 6, -21, -21, 6, -23, 18], [50, 41, -21, -37, -37, -21, 41, 50], [50, 41, -21, -37, -37, -21, 41, 50], [18, -23, 6, -21, -21, 6, -23, 18], [53, 34, -23, 41, 41, -23, 34, 53], [24, 53, 18, 50, 50, 18, 53, 24]]
[[-38, 57, 47, 27, 27, 47, 57, -38], [57, 38, -27, -21, -21, -27, 38, 57], [47, -27, -35, 60, 60, -35, -27, 47], [27, -21, 60, 51, 51, 60, -21, 27], [27, -21, 60, 51, 51, 60, -21, 27], [47, -27, -35, 60, 60, -35, -27, 47], [57, 38, -27, -21, -21, -27, 38, 57], [-38, 57, 47, 27, 27, 47, 57, -38]]
('1', '[114, 201, 244]', '[-4, -34, -37]', '[-1, -97, -10]')
life time:2,black_wins:32,white_wins:38,total_win:32,history_black_win:4,history_white_win:6,ties:3
[[31, -44, 54, 56, 56, 54, -44, 31], [-44, 20, 57, 63, 63, 57, 20, -44], [54, 57, 46, -41, -41, 46, 57, 54], [56, 63, -41, -53, -53, -41, 63, 56], [56, 63, -41, -53, -53, -41, 63, 56], [54, 57, 46, -41, -41, 46, 57, 54], [-44, 20, 57, 63, 63, 57, 20, -44], [31, -44, 54, 56, 56, 54, -44, 31]]
[[-59, -52, 20, -17, -17, 20, -52, -59], [-52, 53, -11, 49, 49, -11, 53, -52], [20, -11, 32, 13, 13, 32, -11, 20], [-17, 49, 13, -2, -2, 13, 49, -17], [-17, 49, 13, -2, -2, 13, 49, -17], [20, -11, 32, 13, 13, 32, -11, 20], [-52, 53, -11, 49, 49, -11, 53, -52], [-59, -52, 20, -17, -17, 20, -52, -59]]
[[6, 54, 55, 41, 41, 55, 54, 6], [54, 9, 37, 11, 11, 37, 9, 54], [55, 37, -17, -5, -5, -17, 37, 55], [41, 11, -5, -29, -29, -5, 11, 41], [41, 11, -5, -29, -29, -5, 11, 41], [55, 37, -17, -5, -5, -17, 37, 55], [54, 9, 37, 11, 11, 37, 9, 54], [6, 54, 55, 41, 41, 55, 54, 6]]
[[-55, 43, 43, 26, 26, 43, 43, -55], [43, 38, -27, -14, -14, -27, 38, 43], [43, -27, -51, 32, 32, -51, -27, 43], [26, -14, 32, -15, -15, 32, -14, 26], [26, -14, 32, -15, -15, 32, -14, 26], [43, -27, -51, 32, 32, -51, -27, 43], [43, 38, -27, -14, -14, -27, 38, 43], [-55, 43, 43, 26, 26, 43, 43, -55]]
('1', '[6, 237, 244]', '[4, -50, -33]', '[-77, -4, -35]')
life time:2,black_wins:32,white_wins:38,total_win:32,history_black_win:4,history_white_win:8,ties:2
[[27, -27, 35, 6, 6, 35, -27, 27], [-27, 4, 40, 61, 61, 40, 4, -27], [35, 40, 45, 29, 29, 45, 40, 35], [6, 61, 29, -37, -37, 29, 61, 6], [6, 61, 29, -37, -37, 29, 61, 6], [35, 40, 45, 29, 29, 45, 40, 35], [-27, 4, 40, 61, 61, 40, 4, -27], [27, -27, 35, 6, 6, 35, -27, 27]]
[[-32, -64, 20, 44, 44, 20, -64, -32], [-64, 48, -29, 27, 27, -29, 48, -64], [20, -29, 42, -39, -39, 42, -29, 20], [44, 27, -39, -36, -36, -39, 27, 44], [44, 27, -39, -36, -36, -39, 27, 44], [20, -29, 42, -39, -39, 42, -29, 20], [-64, 48, -29, 27, 27, -29, 48, -64], [-32, -64, 20, 44, 44, 20, -64, -32]]
[[4, 59, 46, 13, 13, 46, 59, 4], [59, 24, -19, 41, 41, -19, 24, 59], [46, -19, 52, 34, 34, 52, -19, 46], [13, 41, 34, 51, 51, 34, 41, 13], [13, 41, 34, 51, 51, 34, 41, 13], [46, -19, 52, 34, 34, 52, -19, 46], [59, 24, -19, 41, 41, -19, 24, 59], [4, 59, 46, 13, 13, 46, 59, 4]]
[[3, 59, 33, 26, 26, 33, 59, 3], [59, 54, -39, 42, 42, -39, 54, 59], [33, -39, -40, 36, 36, -40, -39, 33], [26, 42, 36, 51, 51, 36, 42, 26], [26, 42, 36, 51, 51, 36, 42, 26], [33, -39, -40, 36, 36, -40, -39, 33], [59, 54, -39, 42, 42, -39, 54, 59], [3, 59, 33, 26, 26, 33, 59, 3]]
('1', '[6, 233, 252]', '[-52, -54, -38]', '[-17, -62, -32]')
life time:5,black_wins:31,white_wins:32,total_win:31,history_black_win:4,history_white_win:3,ties:13
[[7, -25, 36, -13, -13, 36, -25, 7], [-25, 58, 34, 31, 31, 34, 58, -25], [36, 34, 8, -61, -61, 8, 34, 36], [-13, 31, -61, -62, -62, -61, 31, -13], [-13, 31, -61, -62, -62, -61, 31, -13], [36, 34, 8, -61, -61, 8, 34, 36], [-25, 58, 34, 31, 31, 34, 58, -25], [7, -25, 36, -13, -13, 36, -25, 7]]
[[-14, -64, -42, 31, 31, -42, -64, -14], [-64, 7, -6, -14, -14, -6, 7, -64], [-42, -6, 26, -17, -17, 26, -6, -42], [31, -14, -17, -12, -12, -17, -14, 31], [31, -14, -17, -12, -12, -17, -14, 31], [-42, -6, 26, -17, -17, 26, -6, -42], [-64, 7, -6, -14, -14, -6, 7, -64], [-14, -64, -42, 31, 31, -42, -64, -14]]
[[29, 52, 10, 22, 22, 10, 52, 29], [52, 30, 4, 56, 56, 4, 30, 52], [10, 4, -54, 38, 38, -54, 4, 10], [22, 56, 38, 7, 7, 38, 56, 22], [22, 56, 38, 7, 7, 38, 56, 22], [10, 4, -54, 38, 38, -54, 4, 10], [52, 30, 4, 56, 56, 4, 30, 52], [29, 52, 10, 22, 22, 10, 52, 29]]
[[-37, 25, 1, 24, 24, 1, 25, -37], [25, 14, -20, -58, -58, -20, 14, 25], [1, -20, 17, 39, 39, 17, -20, 1], [24, -58, 39, -7, -7, 39, -58, 24], [24, -58, 39, -7, -7, 39, -58, 24], [1, -20, 17, 39, 39, 17, -20, 1], [25, 14, -20, -58, -58, -20, 14, 25], [-37, 25, 1, 24, 24, 1, 25, -37]]
('1', '[50, 236, 208]', '[-20, -35, -35]', '[-10, -115, -82]')
life time:2,black_wins:40,white_wins:31,total_win:31,history_black_win:6,history_white_win:5,ties:10
[[35, -32, 62, 58, 58, 62, -32, 35], [-32, -32, 43, -5, -5, 43, -32, -32], [62, 43, 26, -48, -48, 26, 43, 62], [58, -5, -48, -46, -46, -48, -5, 58], [58, -5, -48, -46, -46, -48, -5, 58], [62, 43, 26, -48, -48, 26, 43, 62], [-32, -32, 43, -5, -5, 43, -32, -32], [35, -32, 62, 58, 58, 62, -32, 35]]
[[-63, -63, -33, 5, 5, -33, -63, -63], [-63, 52, -2, -6, -6, -2, 52, -63], [-33, -2, 4, -47, -47, 4, -2, -33], [5, -6, -47, -3, -3, -47, -6, 5], [5, -6, -47, -3, -3, -47, -6, 5], [-33, -2, 4, -47, -47, 4, -2, -33], [-63, 52, -2, -6, -6, -2, 52, -63], [-63, -63, -33, 5, 5, -33, -63, -63]]
[[12, 63, 44, 50, 50, 44, 63, 12], [63, 23, -28, 17, 17, -28, 23, 63], [44, -28, -34, 22, 22, -34, -28, 44], [50, 17, 22, -29, -29, 22, 17, 50], [50, 17, 22, -29, -29, 22, 17, 50], [44, -28, -34, 22, 22, -34, -28, 44], [63, 23, -28, 17, 17, -28, 23, 63], [12, 63, 44, 50, 50, 44, 63, 12]]
[[3, 59, -57, 30, 30, -57, 59, 3], [59, -26, 63, 6, 6, 63, -26, 59], [-57, 63, -55, 48, 48, -55, 63, -57], [30, 6, 48, -59, -59, 48, 6, 30], [30, 6, 48, -59, -59, 48, 6, 30], [-57, 63, -55, 48, 48, -55, 63, -57], [59, -26, 63, 6, 6, 63, -26, 59], [3, 59, -57, 30, 30, -57, 59, 3]]
('1', '[148, 241, 212]', '[44, -54, -54]', '[-124, -88, -10]')
life time:1,black_wins:31,white_wins:37,total_win:31,history_black_win:3,history_white_win:7,ties:9
[[51, -60, 62, -6, -6, 62, -60, 51], [-60, -63, 6, -15, -15, 6, -63, -60], [62, 6, 26, -61, -61, 26, 6, 62], [-6, -15, -61, -62, -62, -61, -15, -6], [-6, -15, -61, -62, -62, -61, -15, -6], [62, 6, 26, -61, -61, 26, 6, 62], [-60, -63, 6, -15, -15, 6, -63, -60], [51, -60, 62, -6, -6, 62, -60, 51]]
[[-47, -28, -1, 13, 13, -1, -28, -47], [-28, 55, -17, -22, -22, -17, 55, -28], [-1, -17, -47, -48, -48, -47, -17, -1], [13, -22, -48, -20, -20, -48, -22, 13], [13, -22, -48, -20, -20, -48, -22, 13], [-1, -17, -47, -48, -48, -47, -17, -1], [-28, 55, -17, -22, -22, -17, 55, -28], [-47, -28, -1, 13, 13, -1, -28, -47]]
[[8, 61, -25, 24, 24, -25, 61, 8], [61, 7, 36, 17, 17, 36, 7, 61], [-25, 36, 30, 30, 30, 30, 36, -25], [24, 17, 30, -18, -18, 30, 17, 24], [24, 17, 30, -18, -18, 30, 17, 24], [-25, 36, 30, 30, 30, 30, 36, -25], [61, 7, 36, 17, 17, 36, 7, 61], [8, 61, -25, 24, 24, -25, 61, 8]]
[[-61, 57, 3, 7, 7, 3, 57, -61], [57, -26, -1, 21, 21, -1, -26, 57], [3, -1, -23, -31, -31, -23, -1, 3], [7, 21, -31, -60, -60, -31, 21, 7], [7, 21, -31, -60, -60, -31, 21, 7], [3, -1, -23, -31, -31, -23, -1, 3], [57, -26, -1, 21, 21, -1, -26, 57], [-61, 57, 3, 7, 7, 3, 57, -61]]
('1', '[76, 51, 64]', '[-23, -62, -63]', '[-18, -32, -10]')
life time:2,black_wins:39,white_wins:31,total_win:31,history_black_win:8,history_white_win:5,ties:9
[[17, -6, 58, -6, -6, 58, -6, 17], [-6, 53, 26, 60, 60, 26, 53, -6], [58, 26, 31, -47, -47, 31, 26, 58], [-6, 60, -47, -54, -54, -47, 60, -6], [-6, 60, -47, -54, -54, -47, 60, -6], [58, 26, 31, -47, -47, 31, 26, 58], [-6, 53, 26, 60, 60, 26, 53, -6], [17, -6, 58, -6, -6, 58, -6, 17]]
[[-61, -35, -46, 45, 45, -46, -35, -61], [-35, 51, -12, -21, -21, -12, 51, -35], [-46, -12, -63, -51, -51, -63, -12, -46], [45, -21, -51, -20, -20, -51, -21, 45], [45, -21, -51, -20, -20, -51, -21, 45], [-46, -12, -63, -51, -51, -63, -12, -46], [-35, 51, -12, -21, -21, -12, 51, -35], [-61, -35, -46, 45, 45, -46, -35, -61]]
[[12, 61, 12, 40, 40, 12, 61, 12], [61, 31, -28, 16, 16, -28, 31, 61], [12, -28, -49, 37, 37, -49, -28, 12], [40, 16, 37, -23, -23, 37, 16, 40], [40, 16, 37, -23, -23, 37, 16, 40], [12, -28, -49, 37, 37, -49, -28, 12], [61, 31, -28, 16, 16, -28, 31, 61], [12, 61, 12, 40, 40, 12, 61, 12]]
[[-61, 59, 57, 25, 25, 57, 59, -61], [59, 6, 61, -57, -57, 61, 6, 59], [57, 61, 57, 56, 56, 57, 61, 57], [25, -57, 56, -7, -7, 56, -57, 25], [25, -57, 56, -7, -7, 56, -57, 25], [57, 61, 57, 56, 56, 57, 61, 57], [59, 6, 61, -57, -57, 61, 6, 59], [-61, 59, 57, 25, 25, 57, 59, -61]]
('1', '[4, 224, 244]', '[9, -44, -43]', '[-56, -30, -43]')
life time:0,black_wins:31,white_wins:33,total_win:31,history_black_win:5,history_white_win:8,ties:9
[[63, -48, 62, 58, 58, 62, -48, 63], [-48, -15, 12, -7, -7, 12, -15, -48], [62, 12, 62, -57, -57, 62, 12, 62], [58, -7, -57, -61, -61, -57, -7, 58], [58, -7, -57, -61, -61, -57, -7, 58], [62, 12, 62, -57, -57, 62, 12, 62], [-48, -15, 12, -7, -7, 12, -15, -48], [63, -48, 62, 58, 58, 62, -48, 63]]
[[-59, -40, -2, -55, -55, -2, -40, -59], [-40, 37, -27, 50, 50, -27, 37, -40], [-2, -27, 1, -36, -36, 1, -27, -2], [-55, 50, -36, -4, -4, -36, 50, -55], [-55, 50, -36, -4, -4, -36, 50, -55], [-2, -27, 1, -36, -36, 1, -27, -2], [-40, 37, -27, 50, 50, -27, 37, -40], [-59, -40, -2, -55, -55, -2, -40, -59]]
[[8, 61, -25, 24, 24, -25, 61, 8], [61, 15, 37, 27, 27, 37, 15, 61], [-25, 37, -17, 63, 63, -17, 37, -25], [24, 27, 63, -25, -25, 63, 27, 24], [24, 27, 63, -25, -25, 63, 27, 24], [-25, 37, -17, 63, 63, -17, 37, -25], [61, 15, 37, 27, 27, 37, 15, 61], [8, 61, -25, 24, 24, -25, 61, 8]]
[[-61, 59, 43, 31, 31, 43, 59, -61], [59, 38, -27, 17, 17, -27, 38, 59], [43, -27, -55, 33, 33, -55, -27, 43], [31, 17, 33, -43, -43, 33, 17, 31], [31, 17, 33, -43, -43, 33, 17, 31], [43, -27, -55, 33, 33, -55, -27, 43], [59, 38, -27, 17, 17, -27, 38, 59], [-61, 59, 43, 31, 31, 43, 59, -61]]
('1', '[4, 165, 148]', '[-24, -58, -63]', '[-26, -6, -14]')
life time:1,black_wins:39,white_wins:31,total_win:31,history_black_win:3,history_white_win:2,ties:8
[[29, -60, 62, 42, 42, 62, -60, 29], [-60, 52, 57, 63, 63, 57, 52, -60], [62, 57, 41, -57, -57, 41, 57, 62], [42, 63, -57, -55, -55, -57, 63, 42], [42, 63, -57, -55, -55, -57, 63, 42], [62, 57, 41, -57, -57, 41, 57, 62], [-60, 52, 57, 63, 63, 57, 52, -60], [29, -60, 62, 42, 42, 62, -60, 29]]
[[17, -60, 7, -41, -41, 7, -60, 17], [-60, -11, -12, 33, 33, -12, -11, -60], [7, -12, -16, 13, 13, -16, -12, 7], [-41, 33, 13, -20, -20, 13, 33, -41], [-41, 33, 13, -20, -20, 13, 33, -41], [7, -12, -16, 13, 13, -16, -12, 7], [-60, -11, -12, 33, 33, -12, -11, -60], [17, -60, 7, -41, -41, 7, -60, 17]]
[[39, 62, -9, -56, -56, -9, 62, 39], [62, -56, -27, 9, 9, -27, -56, 62], [-9, -27, -1, 30, 30, -1, -27, -9], [-56, 9, 30, -25, -25, 30, 9, -56], [-56, 9, 30, -25, -25, 30, 9, -56], [-9, -27, -1, 30, 30, -1, -27, -9], [62, -56, -27, 9, 9, -27, -56, 62], [39, 62, -9, -56, -56, -9, 62, 39]]
[[8, 43, 11, 62, 62, 11, 43, 8], [43, 38, 45, -10, -10, 45, 38, 43], [11, 45, -55, 32, 32, -55, 45, 11], [62, -10, 32, 49, 49, 32, -10, 62], [62, -10, 32, 49, 49, 32, -10, 62], [11, 45, -55, 32, 32, -55, 45, 11], [43, 38, 45, -10, -10, 45, 38, 43], [8, 43, 11, 62, 62, 11, 43, 8]]
('1', '[182, 173, 238]', '[-48, -38, -43]', '[-75, -109, -11]')
life time:3,black_wins:31,white_wins:39,total_win:31,history_black_win:6,history_white_win:6,ties:8
[[51, -32, 58, 30, 30, 58, -32, 51], [-32, 33, 42, -33, -33, 42, 33, -32], [58, 42, 26, -47, -47, 26, 42, 58], [30, -33, -47, -38, -38, -47, -33, 30], [30, -33, -47, -38, -38, -47, -33, 30], [58, 42, 26, -47, -47, 26, 42, 58], [-32, 33, 42, -33, -33, 42, 33, -32], [51, -32, 58, 30, 30, 58, -32, 51]]
[[-61, -47, -34, 13, 13, -34, -47, -61], [-47, 54, -2, -6, -6, -2, 54, -47], [-34, -2, 1, -64, -64, 1, -2, -34], [13, -6, -64, -4, -4, -64, -6, 13], [13, -6, -64, -4, -4, -64, -6, 13], [-34, -2, 1, -64, -64, 1, -2, -34], [-47, 54, -2, -6, -6, -2, 54, -47], [-61, -47, -34, 13, 13, -34, -47, -61]]
[[12, 63, 8, 18, 18, 8, 63, 12], [63, 23, -28, 1, 1, -28, 23, 63], [8, -28, -49, 53, 53, -49, -28, 8], [18, 1, 53, -27, -27, 53, 1, 18], [18, 1, 53, -27, -27, 53, 1, 18], [8, -28, -49, 53, 53, -49, -28, 8], [63, 23, -28, 1, 1, -28, 23, 63], [12, 63, 8, 18, 18, 8, 63, 12]]
[[3, 59, -41, 24, 24, -41, 59, 3], [59, 4, -1, -58, -58, -1, 4, 59], [-41, -1, 41, 48, 48, 41, -1, -41], [24, -58, 48, -35, -35, 48, -58, 24], [24, -58, 48, -35, -35, 48, -58, 24], [-41, -1, 41, 48, 48, 41, -1, -41], [59, 4, -1, -58, -58, -1, 4, 59], [3, 59, -41, 24, 24, -41, 59, 3]]
('1', '[16, 177, 228]', '[-20, -1, -33]', '[-20, -80, -10]')
life time:16,black_wins:39,white_wins:31,total_win:31,history_black_win:3,history_white_win:5,ties:7
[[27, -20, 63, 63, 63, 63, -20, 27], [-20, 53, 33, 29, 29, 33, 53, -20], [63, 33, -54, -57, -57, -54, 33, 63], [63, 29, -57, -30, -30, -57, 29, 63], [63, 29, -57, -30, -30, -57, 29, 63], [63, 33, -54, -57, -57, -54, 33, 63], [-20, 53, 33, 29, 29, 33, 53, -20], [27, -20, 63, 63, 63, 63, -20, 27]]
[[-11, -57, -26, 39, 39, -26, -57, -11], [-57, 39, -18, -5, -5, -18, 39, -57], [-26, -18, -53, -60, -60, -53, -18, -26], [39, -5, -60, -24, -24, -60, -5, 39], [39, -5, -60, -24, -24, -60, -5, 39], [-26, -18, -53, -60, -60, -53, -18, -26], [-57, 39, -18, -5, -5, -18, 39, -57], [-11, -57, -26, 39, 39, -26, -57, -11]]
[[10, -4, 35, 1, 1, 35, -4, 10], [-4, 6, 36, 57, 57, 36, 6, -4], [35, 36, -61, 30, 30, -61, 36, 35], [1, 57, 30, 10, 10, 30, 57, 1], [1, 57, 30, 10, 10, 30, 57, 1], [35, 36, -61, 30, 30, -61, 36, 35], [-4, 6, 36, 57, 57, 36, 6, -4], [10, -4, 35, 1, 1, 35, -4, 10]]
[[-63, 43, 38, 43, 43, 38, 43, -63], [43, 62, 13, -17, -17, 13, 62, 43], [38, 13, -40, -7, -7, -40, 13, 38], [43, -17, -7, -48, -48, -7, -17, 43], [43, -17, -7, -48, -48, -7, -17, 43], [38, 13, -40, -7, -7, -40, 13, 38], [43, 62, 13, -17, -17, 13, 62, 43], [-63, 43, 38, 43, 43, 38, 43, -63]]
('1', '[53, 201, 220]', '[-20, -28, -53]', '[-53, -112, -2]')
life time:3,black_wins:40,white_wins:31,total_win:31,history_black_win:4,history_white_win:3,ties:6
[[11, -51, -18, 4, 4, -18, -51, 11], [-51, 23, 40, 55, 55, 40, 23, -51], [-18, 40, 21, -47, -47, 21, 40, -18], [4, 55, -47, -26, -26, -47, 55, 4], [4, 55, -47, -26, -26, -47, 55, 4], [-18, 40, 21, -47, -47, 21, 40, -18], [-51, 23, 40, 55, 55, 40, 23, -51], [11, -51, -18, 4, 4, -18, -51, 11]]
[[-12, -32, 2, 13, 13, 2, -32, -12], [-32, 52, -27, -5, -5, -27, 52, -32], [2, -27, 32, -44, -44, 32, -27, 2], [13, -5, -44, -2, -2, -44, -5, 13], [13, -5, -44, -2, -2, -44, -5, 13], [2, -27, 32, -44, -44, 32, -27, 2], [-32, 52, -27, -5, -5, -27, 52, -32], [-12, -32, 2, 13, 13, 2, -32, -12]]
[[5, 20, 38, 9, 9, 38, 20, 5], [20, 59, -51, 52, 52, -51, 59, 20], [38, -51, 9, 14, 14, 9, -51, 38], [9, 52, 14, -25, -25, 14, 52, 9], [9, 52, 14, -25, -25, 14, 52, 9], [38, -51, 9, 14, 14, 9, -51, 38], [20, 59, -51, 52, 52, -51, 59, 20], [5, 20, 38, 9, 9, 38, 20, 5]]
[[14, 54, 41, 54, 54, 41, 54, 14], [54, 52, 56, -20, -20, 56, 52, 54], [41, 56, -56, 53, 53, -56, 56, 41], [54, -20, 53, 25, 25, 53, -20, 54], [54, -20, 53, 25, 25, 53, -20, 54], [41, 56, -56, 53, 53, -56, 56, 41], [54, 52, 56, -20, -20, 56, 52, 54], [14, 54, 41, 54, 54, 41, 54, 14]]
('1', '[36, 105, 254]', '[-36, -50, -54]', '[-89, -26, -35]')
